5 0.525000 0.629412 0.523438 0.629412 0.521875 0.629412 0.520312 0.629412 0.518750 0.629412 0.517969 0.628235 0.517188 0.627059 0.515625 0.627059 0.514062 0.627059 0.512500 0.627059 0.510938 0.627059 0.509375 0.627059 0.507812 0.627059 0.506250 0.627059 0.504687 0.627059 0.503125 0.627059 0.501563 0.627059 0.500781 0.625882 0.500000 0.624706 0.498437 0.624706 0.496875 0.624706 0.495312 0.624706 0.493750 0.624706 0.492188 0.624706 0.490625 0.624706 0.489063 0.624706 0.487500 0.624706 0.485938 0.624706 0.484375 0.624706 0.482812 0.624706 0.481250 0.624706 0.479687 0.624706 0.478125 0.624706 0.476562 0.624706 0.475000 0.624706 0.473438 0.624706 0.471875 0.624706 0.471094 0.623529 0.470313 0.622353 0.468750 0.622353 0.467187 0.622353 0.465625 0.622353 0.464062 0.622353 0.462500 0.622353 0.460938 0.622353 0.459375 0.622353 0.458594 0.621176 0.457813 0.620000 0.456250 0.620000 0.454688 0.620000 0.453906 0.618824 0.453125 0.617647 0.452344 0.616471 0.451562 0.615294 0.450781 0.614118 0.450000 0.612941 0.448437 0.612941 0.446875 0.612941 0.445312 0.612941 0.444531 0.611765 0.443750 0.610588 0.442188 0.610588 0.440625 0.610588 0.439063 0.610588 0.437500 0.610588 0.435937 0.610588 0.434375 0.610588 0.433594 0.609412 0.432812 0.608235 0.431250 0.608235 0.429688 0.608235 0.428125 0.608235 0.426563 0.608235 0.425000 0.608235 0.424219 0.607059 0.423438 0.605882 0.421875 0.605882 0.420312 0.605882 0.418750 0.605882 0.417187 0.605882 0.415625 0.605882 0.414062 0.605882 0.413281 0.604706 0.412500 0.603529 0.410938 0.603529 0.409375 0.603529 0.407813 0.603529 0.406250 0.603529 0.404687 0.603529 0.403125 0.603529 0.401562 0.603529 0.400781 0.602353 0.400000 0.601176 0.398438 0.601176 0.396875 0.601176 0.395313 0.601176 0.393750 0.601176 0.392188 0.601176 0.390625 0.601176 0.389844 0.600000 0.389062 0.598824 0.387500 0.598824 0.385937 0.598824 0.384375 0.598824 0.382812 0.598824 0.381250 0.598824 0.380469 0.597647 0.379688 0.596471 0.378125 0.596471 0.376563 0.596471 0.375000 0.596471 0.373437 0.596471 0.371875 0.596471 0.371094 0.595294 0.370312 0.594118 0.368750 0.594118 0.367188 0.594118 0.365625 0.594118 0.364063 0.594118 0.362500 0.594118 0.361719 0.592941 0.360938 0.591765 0.359375 0.591765 0.357812 0.591765 0.356250 0.591765 0.354687 0.591765 0.353906 0.590588 0.353125 0.589412 0.351562 0.589412 0.350000 0.589412 0.348438 0.589412 0.347656 0.588235 0.346875 0.587059 0.345313 0.587059 0.343750 0.587059 0.342187 0.587059 0.340625 0.587059 0.339844 0.585882 0.339062 0.584706 0.337500 0.584706 0.335938 0.584706 0.334375 0.584706 0.332813 0.584706 0.332031 0.583529 0.331250 0.582353 0.329688 0.582353 0.328125 0.582353 0.326562 0.582353 0.325781 0.581176 0.325000 0.580000 0.323437 0.580000 0.321875 0.580000 0.320312 0.580000 0.319531 0.578824 0.318750 0.577647 0.317188 0.577647 0.315625 0.577647 0.314844 0.576471 0.314063 0.575294 0.312500 0.575294 0.310937 0.575294 0.310156 0.574118 0.309375 0.572941 0.307812 0.572941 0.306250 0.572941 0.304688 0.572941 0.303906 0.571765 0.303125 0.570588 0.301563 0.570588 0.300000 0.570588 0.298438 0.570588 0.297656 0.569412 0.296875 0.568235 0.295312 0.568235 0.293750 0.568235 0.292969 0.567059 0.292187 0.565882 0.290625 0.565882 0.289062 0.565882 0.288281 0.564706 0.287500 0.563529 0.285938 0.563529 0.285156 0.562353 0.284375 0.561176 0.282813 0.561176 0.281250 0.561176 0.280469 0.560000 0.279687 0.558824 0.278125 0.558824 0.276562 0.558824 0.275781 0.557647 0.275000 0.556471 0.273438 0.556471 0.272656 0.555294 0.271875 0.554118 0.270313 0.554118 0.269531 0.552941 0.268750 0.551765 0.267188 0.551765 0.266406 0.550588 0.265625 0.549412 0.264844 0.548235 0.264062 0.547059 0.263281 0.545882 0.262500 0.544706 0.261719 0.543529 0.261719 0.541176 0.261719 0.538824 0.261719 0.536471 0.261719 0.534118 0.262500 0.532941 0.263281 0.531765 0.263281 0.529412 0.263281 0.527059 0.263281 0.524706 0.263281 0.522353 0.263281 0.520000 0.262500 0.518824 0.261719 0.517647 0.261719 0.515294 0.261719 0.512941 0.260937 0.511765 0.260156 0.510588 0.260156 0.508235 0.260156 0.505882 0.259375 0.504706 0.258594 0.503529 0.258594 0.501176 0.258594 0.498824 0.258594 0.496471 0.258594 0.494118 0.258594 0.491765 0.257812 0.490588 0.257031 0.489412 0.257031 0.487059 0.257031 0.484706 0.257031 0.482353 0.257031 0.480000 0.256250 0.478824 0.255469 0.477647 0.255469 0.475294 0.255469 0.472941 0.254688 0.471765 0.253906 0.470588 0.253906 0.468235 0.253906 0.465882 0.253125 0.464706 0.252344 0.463529 0.252344 0.461176 0.251563 0.460000 0.250781 0.458824 0.250781 0.456471 0.250000 0.455294 0.249219 0.454118 0.250000 0.452941 0.250781 0.451765 0.251563 0.450588 0.252344 0.449412 0.253125 0.448235 0.253906 0.447059 0.254688 0.445882 0.256250 0.445882 0.257031 0.444706 0.257812 0.443529 0.259375 0.443529 0.260156 0.442353 0.260937 0.441176 0.262500 0.441176 0.264062 0.441176 0.265625 0.441176 0.266406 0.440000 0.267188 0.438824 0.267969 0.440000 0.268750 0.441176 0.270313 0.441176 0.271875 0.441176 0.273438 0.441176 0.274219 0.442353 0.275000 0.443529 0.276562 0.443529 0.278125 0.443529 0.278906 0.444706 0.279687 0.445882 0.281250 0.445882 0.282813 0.445882 0.283594 0.447059 0.284375 0.448235 0.285938 0.448235 0.286719 0.449412 0.287500 0.450588 0.289062 0.450588 0.289844 0.451765 0.290625 0.452941 0.291406 0.454118 0.292187 0.455294 0.292969 0.456471 0.292969 0.458824 0.293750 0.460000 0.294531 0.461176 0.294531 0.463529 0.295312 0.464706 0.296094 0.465882 0.296875 0.467059 0.297656 0.468235 0.298438 0.469412 0.300000 0.469412 0.300781 0.470588 0.301563 0.471765 0.303125 0.471765 0.303906 0.472941 0.304688 0.474118 0.305469 0.475294 0.306250 0.476471 0.307031 0.477647 0.307812 0.478824 0.308594 0.480000 0.308594 0.482353 0.309375 0.483529 0.310156 0.484706 0.310937 0.485882 0.311719 0.487059 0.312500 0.488235 0.313281 0.489412 0.314063 0.490588 0.314844 0.491765 0.315625 0.492941 0.317188 0.492941 0.317969 0.494118 0.318750 0.495294 0.320312 0.495294 0.321094 0.496471 0.321875 0.497647 0.323437 0.497647 0.324219 0.498824 0.325000 0.500000 0.325781 0.501176 0.325781 0.503529 0.326562 0.504706 0.327344 0.505882 0.328125 0.507059 0.328906 0.508235 0.329688 0.509412 0.330469 0.510588 0.331250 0.511765 0.332031 0.512941 0.332813 0.514118 0.334375 0.514118 0.335156 0.515294 0.335938 0.516471 0.337500 0.516471 0.338281 0.517647 0.339062 0.518824 0.340625 0.518824 0.341406 0.520000 0.342187 0.521176 0.342969 0.522353 0.343750 0.523529 0.345313 0.523529 0.346094 0.524706 0.346875 0.525882 0.348438 0.525882 0.349219 0.527059 0.350000 0.528235 0.351562 0.528235 0.353125 0.528235 0.354687 0.528235 0.355469 0.529412 0.356250 0.530588 0.357812 0.530588 0.359375 0.530588 0.360156 0.531765 0.360938 0.532941 0.362500 0.532941 0.364063 0.532941 0.365625 0.532941 0.366406 0.534118 0.367188 0.535294 0.368750 0.535294 0.370312 0.535294 0.371875 0.535294 0.373437 0.535294 0.374219 0.536471 0.375000 0.537647 0.376563 0.537647 0.378125 0.537647 0.379688 0.537647 0.381250 0.537647 0.382031 0.538824 0.382812 0.540000 0.384375 0.540000 0.385937 0.540000 0.387500 0.540000 0.389062 0.540000 0.390625 0.540000 0.391406 0.538824 0.392188 0.537647 0.393750 0.537647 0.395313 0.537647 0.396875 0.537647 0.398438 0.537647 0.400000 0.537647 0.400781 0.536471 0.401562 0.535294 0.403125 0.535294 0.404687 0.535294 0.406250 0.535294 0.407813 0.535294 0.409375 0.535294 0.410938 0.535294 0.412500 0.535294 0.414062 0.535294 0.415625 0.535294 0.417187 0.535294 0.418750 0.535294 0.420312 0.535294 0.421875 0.535294 0.423438 0.535294 0.425000 0.535294 0.426563 0.535294 0.428125 0.535294 0.429688 0.535294 0.431250 0.535294 0.432812 0.535294 0.434375 0.535294 0.435937 0.535294 0.437500 0.535294 0.439063 0.535294 0.440625 0.535294 0.442188 0.535294 0.443750 0.535294 0.445312 0.535294 0.446875 0.535294 0.448437 0.535294 0.450000 0.535294 0.451562 0.535294 0.453125 0.535294 0.454688 0.535294 0.456250 0.535294 0.457813 0.535294 0.459375 0.535294 0.460938 0.535294 0.462500 0.535294 0.464062 0.535294 0.465625 0.535294 0.467187 0.535294 0.468750 0.535294 0.470313 0.535294 0.471875 0.535294 0.473438 0.535294 0.475000 0.535294 0.476562 0.535294 0.478125 0.535294 0.479687 0.535294 0.481250 0.535294 0.482812 0.535294 0.484375 0.535294 0.485938 0.535294 0.487500 0.535294 0.489063 0.535294 0.490625 0.535294 0.492188 0.535294 0.493750 0.535294 0.495312 0.535294 0.496875 0.535294 0.498437 0.535294 0.500000 0.535294 0.501563 0.535294 0.503125 0.535294 0.504687 0.535294 0.506250 0.535294 0.507812 0.535294 0.509375 0.535294 0.510938 0.535294 0.512500 0.535294 0.514062 0.535294 0.515625 0.535294 0.517188 0.535294 0.518750 0.535294 0.520312 0.535294 0.521875 0.535294 0.523438 0.535294 0.525000 0.535294 0.526563 0.535294 0.528125 0.535294 0.529687 0.535294 0.531250 0.535294 0.532031 0.534118 0.532813 0.532941 0.534375 0.532941 0.535937 0.532941 0.537500 0.532941 0.539062 0.532941 0.540625 0.532941 0.542188 0.532941 0.543750 0.532941 0.545312 0.532941 0.546875 0.532941 0.548438 0.532941 0.550000 0.532941 0.551562 0.532941 0.553125 0.532941 0.554688 0.532941 0.556250 0.532941 0.557813 0.532941 0.559375 0.532941 0.560937 0.532941 0.562500 0.532941 0.564063 0.532941 0.565625 0.532941 0.567187 0.532941 0.568750 0.532941 0.570312 0.532941 0.571875 0.532941 0.573438 0.532941 0.575000 0.532941 0.576562 0.532941 0.578125 0.532941 0.579688 0.532941 0.581250 0.532941 0.582812 0.532941 0.584375 0.532941 0.585938 0.532941 0.587500 0.532941 0.589063 0.532941 0.590625 0.532941 0.592187 0.532941 0.593750 0.532941 0.595313 0.532941 0.596875 0.532941 0.598437 0.532941 0.600000 0.532941 0.601562 0.532941 0.603125 0.532941 0.604688 0.532941 0.606250 0.532941 0.607812 0.532941 0.609375 0.532941 0.610938 0.532941 0.612500 0.532941 0.614062 0.532941 0.614844 0.531765 0.615625 0.530588 0.617188 0.530588 0.618750 0.530588 0.620313 0.530588 0.621875 0.530588 0.623437 0.530588 0.625000 0.530588 0.626563 0.530588 0.628125 0.530588 0.629687 0.530588 0.631250 0.530588 0.632812 0.530588 0.634375 0.530588 0.635938 0.530588 0.637500 0.530588 0.639062 0.530588 0.640625 0.530588 0.642188 0.530588 0.643750 0.530588 0.645312 0.530588 0.646875 0.530588 0.647656 0.531765 0.648438 0.532941 0.650000 0.532941 0.651563 0.532941 0.653125 0.532941 0.654687 0.532941 0.656250 0.532941 0.657813 0.532941 0.659375 0.532941 0.660156 0.534118 0.660937 0.535294 0.662500 0.535294 0.664062 0.535294 0.665625 0.535294 0.666406 0.536471 0.667188 0.537647 0.668750 0.537647 0.670312 0.537647 0.671094 0.538824 0.671875 0.540000 0.673438 0.540000 0.675000 0.540000 0.676562 0.540000 0.677344 0.541176 0.678125 0.542353 0.679688 0.542353 0.681250 0.542353 0.682031 0.543529 0.682813 0.544706 0.684375 0.544706 0.685156 0.545882 0.685937 0.547059 0.687500 0.547059 0.688281 0.548235 0.689063 0.549412 0.690625 0.549412 0.691406 0.550588 0.692187 0.551765 0.693750 0.551765 0.695312 0.551765 0.696094 0.552941 0.696875 0.554118 0.697656 0.555294 0.698438 0.556471 0.699219 0.557647 0.700000 0.558824 0.700781 0.560000 0.700781 0.562353 0.700781 0.564706 0.700781 0.567059 0.700781 0.569412 0.700781 0.571765 0.700781 0.574118 0.700781 0.576471 0.700000 0.577647 0.699219 0.578824 0.699219 0.581176 0.698438 0.582353 0.697656 0.583529 0.696875 0.584706 0.695312 0.584706 0.694531 0.585882 0.693750 0.587059 0.692187 0.587059 0.690625 0.587059 0.689844 0.588235 0.689063 0.589412 0.687500 0.589412 0.686719 0.590588 0.685937 0.591765 0.684375 0.591765 0.683594 0.592941 0.682813 0.594118 0.681250 0.594118 0.679688 0.594118 0.678906 0.595294 0.678125 0.596471 0.676562 0.596471 0.675000 0.596471 0.673438 0.596471 0.672656 0.597647 0.671875 0.598824 0.670312 0.598824 0.668750 0.598824 0.667969 0.600000 0.667188 0.601176 0.665625 0.601176 0.664062 0.601176 0.663281 0.602353 0.662500 0.603529 0.660937 0.603529 0.659375 0.603529 0.657813 0.603529 0.656250 0.603529 0.655469 0.604706 0.654687 0.605882 0.653125 0.605882 0.651563 0.605882 0.650000 0.605882 0.648438 0.605882 0.646875 0.605882 0.646094 0.607059 0.645312 0.608235 0.643750 0.608235 0.642188 0.608235 0.640625 0.608235 0.639062 0.608235 0.637500 0.608235 0.635938 0.608235 0.634375 0.608235 0.632812 0.608235 0.631250 0.608235 0.629687 0.608235 0.628125 0.608235 0.627344 0.607059 0.626563 0.605882 0.625000 0.605882 0.623437 0.605882 0.621875 0.605882 0.620313 0.605882 0.618750 0.605882 0.617188 0.605882 0.615625 0.605882 0.614062 0.605882 0.612500 0.605882 0.610938 0.605882 0.609375 0.605882 0.607812 0.605882 0.606250 0.605882 0.604688 0.605882 0.603125 0.605882 0.601562 0.605882 0.600000 0.605882 0.598437 0.605882 0.596875 0.605882 0.595313 0.605882 0.594531 0.607059 0.593750 0.608235 0.592187 0.608235 0.590625 0.608235 0.589844 0.607059 0.589063 0.605882 0.587500 0.605882 0.585938 0.605882 0.584375 0.605882 0.582812 0.605882 0.581250 0.605882 0.579688 0.605882 0.578125 0.605882 0.576562 0.605882 0.575000 0.605882 0.573438 0.605882 0.571875 0.605882 0.571094 0.607059 0.570312 0.608235 0.568750 0.608235 0.567187 0.608235 0.565625 0.608235 0.564063 0.608235 0.562500 0.608235 0.561719 0.609412 0.560937 0.610588 0.559375 0.610588 0.557813 0.610588 0.556250 0.610588 0.555469 0.611765 0.554688 0.612941 0.553125 0.612941 0.551562 0.612941 0.550781 0.614118 0.550000 0.615294 0.549219 0.616471 0.548438 0.617647 0.547656 0.618824 0.546875 0.620000 0.546094 0.621176 0.545312 0.622353 0.543750 0.622353 0.542969 0.623529 0.542188 0.624706 0.540625 0.624706 0.539062 0.624706 0.537500 0.624706 0.536719 0.625882 0.535937 0.627059 0.534375 0.627059 0.532813 0.627059 0.531250 0.627059 0.529687 0.627059 0.528125 0.627059 0.526563 0.627059 0.525781 0.628235 0.525000 0.629412
3 0.281250 0.885882 0.279687 0.885882 0.278125 0.885882 0.276562 0.885882 0.275000 0.885882 0.273438 0.885882 0.271875 0.885882 0.270313 0.885882 0.268750 0.885882 0.267188 0.885882 0.266406 0.884706 0.265625 0.883529 0.264844 0.882353 0.264844 0.880000 0.264844 0.877647 0.265625 0.876471 0.266406 0.875294 0.267188 0.874118 0.267969 0.872941 0.267969 0.870588 0.268750 0.869412 0.269531 0.868235 0.270313 0.867059 0.271094 0.865882 0.271875 0.864706 0.273438 0.864706 0.275000 0.864706 0.276562 0.864706 0.278125 0.864706 0.279687 0.864706 0.281250 0.864706 0.282031 0.865882 0.282813 0.867059 0.283594 0.868235 0.283594 0.870588 0.283594 0.872941 0.283594 0.875294 0.283594 0.877647 0.283594 0.880000 0.283594 0.882353 0.282813 0.883529 0.282031 0.884706 0.281250 0.885882
3 0.271875 0.949412 0.270313 0.949412 0.268750 0.949412 0.267188 0.949412 0.265625 0.949412 0.264062 0.949412 0.262500 0.949412 0.260937 0.949412 0.260156 0.948235 0.259375 0.947059 0.258594 0.945882 0.258594 0.943529 0.258594 0.941176 0.257812 0.940000 0.257031 0.938824 0.257031 0.936471 0.257812 0.935294 0.258594 0.934118 0.258594 0.931765 0.259375 0.930588 0.260156 0.929412 0.260937 0.928235 0.261719 0.927059 0.262500 0.925882 0.264062 0.925882 0.265625 0.925882 0.267188 0.925882 0.268750 0.925882 0.270313 0.925882 0.271875 0.925882 0.273438 0.925882 0.274219 0.927059 0.274219 0.929412 0.274219 0.931765 0.274219 0.934118 0.274219 0.936471 0.274219 0.938824 0.274219 0.941176 0.274219 0.943529 0.274219 0.945882 0.273438 0.947059 0.272656 0.948235 0.271875 0.949412
3 0.215625 0.895294 0.214062 0.895294 0.212500 0.895294 0.210938 0.895294 0.209375 0.895294 0.207813 0.895294 0.206250 0.895294 0.204687 0.895294 0.203125 0.895294 0.201563 0.895294 0.200781 0.894118 0.200781 0.891765 0.200781 0.889412 0.200781 0.887059 0.200781 0.884706 0.201563 0.883529 0.202344 0.882353 0.202344 0.880000 0.202344 0.877647 0.203125 0.876471 0.204687 0.876471 0.206250 0.876471 0.207031 0.875294 0.207813 0.874118 0.209375 0.874118 0.210938 0.874118 0.212500 0.874118 0.213281 0.875294 0.214062 0.876471 0.215625 0.876471 0.216406 0.877647 0.216406 0.880000 0.216406 0.882353 0.216406 0.884706 0.216406 0.887059 0.216406 0.889412 0.216406 0.891765 0.216406 0.894118 0.215625 0.895294
3 0.450000 0.460000 0.448437 0.460000 0.446875 0.460000 0.445312 0.460000 0.443750 0.460000 0.442188 0.460000 0.441406 0.458824 0.441406 0.456471 0.441406 0.454118 0.441406 0.451765 0.441406 0.449412 0.441406 0.447059 0.442188 0.445882 0.442969 0.444706 0.443750 0.443529 0.445312 0.443529 0.446875 0.443529 0.448437 0.443529 0.449219 0.444706 0.450000 0.445882 0.450781 0.447059 0.451562 0.448235 0.452344 0.449412 0.452344 0.451765 0.452344 0.454118 0.452344 0.456471 0.451562 0.457647 0.450781 0.458824 0.450000 0.460000
3 0.312500 0.888235 0.310937 0.888235 0.309375 0.888235 0.307812 0.888235 0.306250 0.888235 0.304688 0.888235 0.303125 0.888235 0.301563 0.888235 0.300781 0.887059 0.300000 0.885882 0.299219 0.884706 0.299219 0.882353 0.299219 0.880000 0.300000 0.878824 0.300781 0.877647 0.300781 0.875294 0.300781 0.872941 0.301563 0.871765 0.302344 0.870588 0.302344 0.868235 0.303125 0.867059 0.303906 0.865882 0.304688 0.864706 0.306250 0.864706 0.307812 0.864706 0.309375 0.864706 0.310937 0.864706 0.312500 0.864706 0.314063 0.864706 0.315625 0.864706 0.316406 0.865882 0.317188 0.867059 0.317969 0.868235 0.317969 0.870588 0.317969 0.872941 0.317969 0.875294 0.317969 0.877647 0.317969 0.880000 0.317188 0.881176 0.316406 0.882353 0.316406 0.884706 0.315625 0.885882 0.314063 0.885882 0.313281 0.887059 0.312500 0.888235
3 0.192188 0.878824 0.190625 0.878824 0.189844 0.877647 0.189062 0.876471 0.188281 0.875294 0.188281 0.872941 0.188281 0.870588 0.188281 0.868235 0.188281 0.865882 0.189062 0.864706 0.189844 0.863529 0.189844 0.861176 0.190625 0.860000 0.191406 0.858824 0.192188 0.857647 0.193750 0.857647 0.195312 0.857647 0.196875 0.857647 0.197656 0.858824 0.198437 0.860000 0.200000 0.860000 0.200781 0.861176 0.201563 0.862353 0.202344 0.863529 0.202344 0.865882 0.203125 0.867059 0.203906 0.868235 0.203906 0.870588 0.203906 0.872941 0.203125 0.874118 0.202344 0.875294 0.201563 0.876471 0.200000 0.876471 0.198437 0.876471 0.196875 0.876471 0.195312 0.876471 0.193750 0.876471 0.192969 0.877647 0.192188 0.878824
8 0.685937 0.504706 0.684375 0.504706 0.682813 0.504706 0.681250 0.504706 0.679688 0.504706 0.678125 0.504706 0.676562 0.504706 0.675000 0.504706 0.673438 0.504706 0.671875 0.504706 0.670312 0.504706 0.668750 0.504706 0.667188 0.504706 0.665625 0.504706 0.664062 0.504706 0.662500 0.504706 0.660937 0.504706 0.659375 0.504706 0.657813 0.504706 0.656250 0.504706 0.654687 0.504706 0.653125 0.504706 0.651563 0.504706 0.650781 0.503529 0.650000 0.502353 0.649219 0.501176 0.649219 0.498824 0.649219 0.496471 0.649219 0.494118 0.649219 0.491765 0.649219 0.489412 0.649219 0.487059 0.649219 0.484706 0.649219 0.482353 0.650000 0.481176 0.650781 0.480000 0.650781 0.477647 0.651563 0.476471 0.653125 0.476471 0.654687 0.476471 0.656250 0.476471 0.657813 0.476471 0.659375 0.476471 0.660937 0.476471 0.662500 0.476471 0.664062 0.476471 0.665625 0.476471 0.667188 0.476471 0.668750 0.476471 0.670312 0.476471 0.671875 0.476471 0.673438 0.476471 0.675000 0.476471 0.675781 0.477647 0.676562 0.478824 0.678125 0.478824 0.679688 0.478824 0.681250 0.478824 0.682031 0.480000 0.682813 0.481176 0.683594 0.482353 0.684375 0.483529 0.685156 0.484706 0.685156 0.487059 0.685156 0.489412 0.685937 0.490588 0.686719 0.491765 0.686719 0.494118 0.686719 0.496471 0.686719 0.498824 0.686719 0.501176 0.686719 0.503529 0.685937 0.504706
3 0.157812 0.947059 0.156250 0.947059 0.154688 0.947059 0.153125 0.947059 0.151562 0.947059 0.150000 0.947059 0.148438 0.947059 0.146875 0.947059 0.145313 0.947059 0.144531 0.945882 0.144531 0.943529 0.143750 0.942353 0.142969 0.941176 0.143750 0.940000 0.144531 0.938824 0.144531 0.936471 0.144531 0.934118 0.145313 0.932941 0.146094 0.931765 0.146094 0.929412 0.146875 0.928235 0.147656 0.927059 0.147656 0.924706 0.148438 0.923529 0.150000 0.923529 0.151562 0.923529 0.153125 0.923529 0.154688 0.923529 0.156250 0.923529 0.157812 0.923529 0.159375 0.923529 0.160156 0.924706 0.160156 0.927059 0.160156 0.929412 0.160156 0.931765 0.160156 0.934118 0.160156 0.936471 0.160156 0.938824 0.160156 0.941176 0.160156 0.943529 0.159375 0.944706 0.158594 0.945882 0.157812 0.947059
3 0.126562 0.972941 0.125000 0.972941 0.123438 0.972941 0.121875 0.972941 0.120313 0.972941 0.118750 0.972941 0.117188 0.972941 0.116406 0.971765 0.115625 0.970588 0.114062 0.970588 0.112500 0.970588 0.111719 0.969412 0.111719 0.967059 0.111719 0.964706 0.112500 0.963529 0.113281 0.962353 0.113281 0.960000 0.114062 0.958824 0.114844 0.957647 0.114844 0.955294 0.115625 0.954118 0.116406 0.952941 0.117188 0.951765 0.118750 0.951765 0.120313 0.951765 0.121875 0.951765 0.123438 0.951765 0.125000 0.951765 0.126562 0.951765 0.128125 0.951765 0.129688 0.951765 0.130469 0.952941 0.130469 0.955294 0.129688 0.956471 0.128906 0.957647 0.128906 0.960000 0.128906 0.962353 0.128906 0.964706 0.129688 0.965882 0.130469 0.967059 0.129688 0.968235 0.128906 0.969412 0.128125 0.970588 0.127344 0.971765 0.126562 0.972941
8 0.310937 0.688235 0.309375 0.688235 0.307812 0.688235 0.306250 0.688235 0.304688 0.688235 0.303125 0.688235 0.301563 0.688235 0.300000 0.688235 0.298438 0.688235 0.296875 0.688235 0.295312 0.688235 0.293750 0.688235 0.292187 0.688235 0.290625 0.688235 0.289062 0.688235 0.287500 0.688235 0.285938 0.688235 0.284375 0.688235 0.282813 0.688235 0.281250 0.688235 0.279687 0.688235 0.278125 0.688235 0.276562 0.688235 0.275000 0.688235 0.273438 0.688235 0.271875 0.688235 0.270313 0.688235 0.268750 0.688235 0.267969 0.687059 0.267188 0.685882 0.265625 0.685882 0.264844 0.684706 0.264844 0.682353 0.264844 0.680000 0.264844 0.677647 0.264844 0.675294 0.264844 0.672941 0.265625 0.671765 0.266406 0.670588 0.267188 0.669412 0.268750 0.669412 0.270313 0.669412 0.271875 0.669412 0.273438 0.669412 0.275000 0.669412 0.276562 0.669412 0.278125 0.669412 0.279687 0.669412 0.281250 0.669412 0.282813 0.669412 0.284375 0.669412 0.285938 0.669412 0.287500 0.669412 0.289062 0.669412 0.290625 0.669412 0.292187 0.669412 0.293750 0.669412 0.295312 0.669412 0.296875 0.669412 0.298438 0.669412 0.300000 0.669412 0.301563 0.669412 0.303125 0.669412 0.304688 0.669412 0.306250 0.669412 0.307812 0.669412 0.308594 0.670588 0.309375 0.671765 0.310937 0.671765 0.311719 0.672941 0.311719 0.675294 0.311719 0.677647 0.311719 0.680000 0.311719 0.682353 0.311719 0.684706 0.311719 0.687059 0.310937 0.688235
3 0.725000 0.951765 0.723437 0.951765 0.721875 0.951765 0.720313 0.951765 0.718750 0.951765 0.717187 0.951765 0.715625 0.951765 0.714063 0.951765 0.712500 0.951765 0.710938 0.951765 0.710156 0.950588 0.709375 0.949412 0.708594 0.948235 0.707812 0.947059 0.707031 0.945882 0.707031 0.943529 0.707031 0.941176 0.707031 0.938824 0.707031 0.936471 0.707031 0.934118 0.707031 0.931765 0.707031 0.929412 0.707031 0.927059 0.707031 0.924706 0.707031 0.922353 0.707812 0.921176 0.708594 0.920000 0.709375 0.918824 0.710938 0.918824 0.712500 0.918824 0.714063 0.918824 0.715625 0.918824 0.717187 0.918824 0.718750 0.918824 0.720313 0.918824 0.721875 0.918824 0.723437 0.918824 0.725000 0.918824 0.725781 0.920000 0.725781 0.922353 0.725781 0.924706 0.725781 0.927059 0.725781 0.929412 0.725781 0.931765 0.725781 0.934118 0.725781 0.936471 0.725781 0.938824 0.725781 0.941176 0.725781 0.943529 0.725781 0.945882 0.725781 0.948235 0.725781 0.950588 0.725000 0.951765
3 0.353125 0.850588 0.351562 0.850588 0.350000 0.850588 0.348438 0.850588 0.346875 0.850588 0.345313 0.850588 0.343750 0.850588 0.342969 0.849412 0.342187 0.848235 0.341406 0.847059 0.341406 0.844706 0.341406 0.842353 0.341406 0.840000 0.341406 0.837647 0.340625 0.836471 0.339844 0.835294 0.340625 0.834118 0.341406 0.832941 0.341406 0.830588 0.342187 0.829412 0.343750 0.829412 0.345313 0.829412 0.346875 0.829412 0.348438 0.829412 0.350000 0.829412 0.351562 0.829412 0.353125 0.829412 0.354687 0.829412 0.355469 0.830588 0.355469 0.832941 0.355469 0.835294 0.354687 0.836471 0.353906 0.837647 0.353906 0.840000 0.353906 0.842353 0.353906 0.844706 0.353906 0.847059 0.353906 0.849412 0.353125 0.850588
