38 0.704688 0.484813 0.703906 0.483645 0.703125 0.482477 0.701562 0.482477 0.700781 0.481308 0.700000 0.480140 0.699219 0.478972 0.698438 0.477804 0.697656 0.476636 0.697656 0.474299 0.696875 0.473131 0.696094 0.471963 0.696094 0.469626 0.695312 0.468458 0.694531 0.467290 0.693750 0.466121 0.692969 0.464953 0.692187 0.463785 0.691406 0.462617 0.690625 0.461449 0.689844 0.460280 0.689063 0.459112 0.688281 0.457944 0.687500 0.456776 0.686719 0.455607 0.686719 0.453271 0.687500 0.452103 0.689063 0.452103 0.690625 0.452103 0.692187 0.452103 0.693750 0.452103 0.695312 0.452103 0.696875 0.452103 0.698438 0.452103 0.700000 0.452103 0.701562 0.452103 0.702344 0.453271 0.702344 0.455607 0.702344 0.457944 0.702344 0.460280 0.701562 0.461449 0.700781 0.462617 0.700781 0.464953 0.700781 0.467290 0.700781 0.469626 0.701562 0.470794 0.702344 0.471963 0.702344 0.474299 0.703125 0.475467 0.703906 0.476636 0.704688 0.477804 0.705469 0.478972 0.706250 0.480140 0.707031 0.481308 0.706250 0.482477 0.705469 0.483645 0.704688 0.484813
38 0.695312 0.220794 0.693750 0.220794 0.692969 0.219626 0.692187 0.218458 0.691406 0.217290 0.690625 0.216121 0.689844 0.214953 0.689063 0.213785 0.688281 0.212617 0.688281 0.210280 0.687500 0.209112 0.686719 0.207944 0.685937 0.206776 0.685156 0.205607 0.684375 0.204439 0.683594 0.203271 0.682813 0.202103 0.682031 0.200935 0.681250 0.199766 0.680469 0.198598 0.680469 0.196262 0.681250 0.195093 0.682031 0.193925 0.682813 0.192757 0.684375 0.192757 0.685937 0.192757 0.686719 0.193925 0.687500 0.195093 0.689063 0.195093 0.690625 0.195093 0.691406 0.196262 0.692187 0.197430 0.693750 0.197430 0.694531 0.198598 0.695312 0.199766 0.696094 0.200935 0.695312 0.202103 0.694531 0.203271 0.693750 0.204439 0.692969 0.205607 0.692969 0.207944 0.693750 0.209112 0.694531 0.210280 0.694531 0.212617 0.695312 0.213785 0.696094 0.214953 0.696094 0.217290 0.696094 0.219626 0.695312 0.220794
1 0.396875 0.793224 0.395313 0.793224 0.394531 0.792056 0.393750 0.790888 0.392188 0.790888 0.391406 0.789720 0.390625 0.788551 0.389844 0.787383 0.389844 0.785047 0.389062 0.783879 0.388281 0.782710 0.388281 0.780374 0.387500 0.779206 0.386719 0.778037 0.386719 0.775701 0.386719 0.773364 0.387500 0.772196 0.388281 0.771028 0.388281 0.768692 0.388281 0.766355 0.388281 0.764019 0.388281 0.761682 0.388281 0.759346 0.388281 0.757009 0.389062 0.755841 0.389844 0.754673 0.389844 0.752336 0.389844 0.750000 0.390625 0.748832 0.391406 0.747664 0.392188 0.746495 0.392969 0.745327 0.393750 0.744159 0.395313 0.744159 0.396094 0.745327 0.396875 0.746495 0.397656 0.747664 0.397656 0.750000 0.398438 0.751168 0.399219 0.752336 0.399219 0.754673 0.399219 0.757009 0.399219 0.759346 0.399219 0.761682 0.399219 0.764019 0.399219 0.766355 0.399219 0.768692 0.399219 0.771028 0.399219 0.773364 0.399219 0.775701 0.399219 0.778037 0.399219 0.780374 0.399219 0.782710 0.399219 0.785047 0.399219 0.787383 0.399219 0.789720 0.398438 0.790888 0.397656 0.792056 0.396875 0.793224
38 0.607812 0.674065 0.606250 0.674065 0.604688 0.674065 0.603125 0.674065 0.602344 0.672897 0.601562 0.671729 0.600781 0.670561 0.600781 0.668224 0.600781 0.665888 0.600000 0.664720 0.599219 0.663551 0.599219 0.661215 0.599219 0.658879 0.599219 0.656542 0.600000 0.655374 0.601562 0.655374 0.602344 0.654206 0.603125 0.653037 0.604688 0.653037 0.606250 0.653037 0.607812 0.653037 0.608594 0.654206 0.609375 0.655374 0.610938 0.655374 0.612500 0.655374 0.614062 0.655374 0.615625 0.655374 0.617188 0.655374 0.618750 0.655374 0.620313 0.655374 0.621094 0.656542 0.621875 0.657710 0.623437 0.657710 0.624219 0.658879 0.624219 0.661215 0.623437 0.662383 0.622656 0.663551 0.621875 0.664720 0.620313 0.664720 0.619531 0.665888 0.618750 0.667056 0.617188 0.667056 0.615625 0.667056 0.614844 0.668224 0.614062 0.669393 0.612500 0.669393 0.611719 0.670561 0.610938 0.671729 0.609375 0.671729 0.608594 0.672897 0.607812 0.674065
1 0.182812 0.783879 0.181250 0.783879 0.179688 0.783879 0.178906 0.782710 0.178125 0.781542 0.177344 0.780374 0.176563 0.779206 0.175781 0.778037 0.175781 0.775701 0.175000 0.774533 0.174219 0.773364 0.174219 0.771028 0.173437 0.769860 0.172656 0.768692 0.172656 0.766355 0.172656 0.764019 0.172656 0.761682 0.172656 0.759346 0.172656 0.757009 0.172656 0.754673 0.172656 0.752336 0.172656 0.750000 0.172656 0.747664 0.173437 0.746495 0.174219 0.745327 0.174219 0.742991 0.175000 0.741822 0.175781 0.740654 0.176563 0.739486 0.178125 0.739486 0.178906 0.740654 0.179688 0.741822 0.180469 0.742991 0.181250 0.744159 0.182031 0.745327 0.182812 0.746495 0.183594 0.747664 0.183594 0.750000 0.184375 0.751168 0.185156 0.752336 0.185156 0.754673 0.185156 0.757009 0.185156 0.759346 0.184375 0.760514 0.183594 0.761682 0.183594 0.764019 0.183594 0.766355 0.183594 0.768692 0.183594 0.771028 0.183594 0.773364 0.183594 0.775701 0.183594 0.778037 0.183594 0.780374 0.183594 0.782710 0.182812 0.783879
1 0.539062 0.774533 0.537500 0.774533 0.536719 0.773364 0.535937 0.772196 0.534375 0.772196 0.532813 0.772196 0.532031 0.771028 0.531250 0.769860 0.530469 0.768692 0.530469 0.766355 0.530469 0.764019 0.530469 0.761682 0.530469 0.759346 0.530469 0.757009 0.530469 0.754673 0.530469 0.752336 0.530469 0.750000 0.530469 0.747664 0.531250 0.746495 0.532031 0.745327 0.532031 0.742991 0.532813 0.741822 0.533594 0.740654 0.534375 0.739486 0.535937 0.739486 0.537500 0.739486 0.538281 0.740654 0.539062 0.741822 0.539844 0.742991 0.540625 0.744159 0.541406 0.745327 0.541406 0.747664 0.541406 0.750000 0.541406 0.752336 0.541406 0.754673 0.541406 0.757009 0.541406 0.759346 0.541406 0.761682 0.541406 0.764019 0.541406 0.766355 0.541406 0.768692 0.541406 0.771028 0.540625 0.772196 0.539844 0.773364 0.539062 0.774533
1 0.370312 0.793224 0.368750 0.793224 0.367969 0.792056 0.367188 0.790888 0.366406 0.789720 0.365625 0.788551 0.364063 0.788551 0.363281 0.787383 0.363281 0.785047 0.363281 0.782710 0.363281 0.780374 0.363281 0.778037 0.364063 0.776869 0.364844 0.775701 0.364063 0.774533 0.363281 0.773364 0.363281 0.771028 0.363281 0.768692 0.362500 0.767523 0.361719 0.766355 0.361719 0.764019 0.361719 0.761682 0.361719 0.759346 0.361719 0.757009 0.362500 0.755841 0.363281 0.754673 0.363281 0.752336 0.364063 0.751168 0.364844 0.750000 0.364844 0.747664 0.365625 0.746495 0.366406 0.745327 0.366406 0.742991 0.367188 0.741822 0.367969 0.740654 0.367969 0.738318 0.368750 0.737150 0.370312 0.737150 0.371875 0.737150 0.372656 0.738318 0.373437 0.739486 0.374219 0.740654 0.374219 0.742991 0.375000 0.744159 0.375781 0.745327 0.375781 0.747664 0.376563 0.748832 0.377344 0.750000 0.377344 0.752336 0.377344 0.754673 0.377344 0.757009 0.377344 0.759346 0.377344 0.761682 0.376563 0.762850 0.375781 0.764019 0.375781 0.766355 0.375781 0.768692 0.375781 0.771028 0.375000 0.772196 0.374219 0.773364 0.374219 0.775701 0.374219 0.778037 0.374219 0.780374 0.374219 0.782710 0.374219 0.785047 0.374219 0.787383 0.373437 0.788551 0.372656 0.789720 0.371875 0.790888 0.371094 0.792056 0.370312 0.793224
1 0.526563 0.774533 0.525000 0.774533 0.523438 0.774533 0.522656 0.773364 0.522656 0.771028 0.522656 0.768692 0.521875 0.767523 0.521094 0.766355 0.521094 0.764019 0.521094 0.761682 0.521094 0.759346 0.521094 0.757009 0.521094 0.754673 0.521094 0.752336 0.521094 0.750000 0.521094 0.747664 0.521094 0.745327 0.521875 0.744159 0.522656 0.742991 0.522656 0.740654 0.522656 0.738318 0.523438 0.737150 0.525000 0.737150 0.526563 0.737150 0.527344 0.738318 0.527344 0.740654 0.528125 0.741822 0.528906 0.742991 0.528906 0.745327 0.528906 0.747664 0.529687 0.748832 0.530469 0.750000 0.529687 0.751168 0.528906 0.752336 0.528906 0.754673 0.528906 0.757009 0.528125 0.758178 0.527344 0.759346 0.527344 0.761682 0.527344 0.764019 0.528125 0.765187 0.528906 0.766355 0.528125 0.767523 0.527344 0.768692 0.527344 0.771028 0.527344 0.773364 0.526563 0.774533
1 0.190625 0.783879 0.189844 0.782710 0.189844 0.780374 0.189062 0.779206 0.188281 0.780374 0.187500 0.781542 0.186719 0.780374 0.185938 0.779206 0.185156 0.778037 0.185156 0.775701 0.185156 0.773364 0.185156 0.771028 0.185156 0.768692 0.185156 0.766355 0.185156 0.764019 0.184375 0.762850 0.183594 0.761682 0.183594 0.759346 0.183594 0.757009 0.183594 0.754673 0.183594 0.752336 0.183594 0.750000 0.183594 0.747664 0.183594 0.745327 0.184375 0.744159 0.185156 0.742991 0.185156 0.740654 0.185938 0.739486 0.186719 0.738318 0.187500 0.737150 0.189062 0.737150 0.190625 0.737150 0.192188 0.737150 0.192969 0.738318 0.192969 0.740654 0.193750 0.741822 0.194531 0.742991 0.194531 0.745327 0.194531 0.747664 0.194531 0.750000 0.194531 0.752336 0.194531 0.754673 0.194531 0.757009 0.194531 0.759346 0.193750 0.760514 0.192969 0.761682 0.192969 0.764019 0.192969 0.766355 0.192969 0.768692 0.192188 0.769860 0.191406 0.771028 0.191406 0.773364 0.191406 0.775701 0.191406 0.778037 0.191406 0.780374 0.191406 0.782710 0.190625 0.783879
1 0.475000 0.786215 0.473438 0.786215 0.472656 0.785047 0.471875 0.783879 0.471094 0.782710 0.471094 0.780374 0.471094 0.778037 0.471094 0.775701 0.471094 0.773364 0.471094 0.771028 0.471094 0.768692 0.471094 0.766355 0.471094 0.764019 0.471094 0.761682 0.471094 0.759346 0.471094 0.757009 0.471875 0.755841 0.472656 0.754673 0.473438 0.753505 0.474219 0.752336 0.474219 0.750000 0.474219 0.747664 0.474219 0.745327 0.475000 0.744159 0.475781 0.742991 0.475781 0.740654 0.476562 0.739486 0.478125 0.739486 0.479687 0.739486 0.480469 0.740654 0.481250 0.741822 0.482031 0.742991 0.482031 0.745327 0.482031 0.747664 0.482031 0.750000 0.482031 0.752336 0.482031 0.754673 0.482031 0.757009 0.482812 0.758178 0.483594 0.759346 0.483594 0.761682 0.484375 0.762850 0.485156 0.764019 0.484375 0.765187 0.483594 0.766355 0.482812 0.767523 0.482031 0.768692 0.481250 0.769860 0.480469 0.771028 0.480469 0.773364 0.481250 0.774533 0.482031 0.775701 0.482031 0.778037 0.482031 0.780374 0.481250 0.781542 0.480469 0.782710 0.479687 0.783879 0.478125 0.783879 0.476562 0.783879 0.475781 0.785047 0.475000 0.786215
1 0.881250 0.793224 0.879687 0.793224 0.878125 0.793224 0.876563 0.793224 0.875781 0.792056 0.875781 0.789720 0.876563 0.788551 0.877344 0.787383 0.876563 0.786215 0.875781 0.785047 0.875781 0.782710 0.875781 0.780374 0.875781 0.778037 0.875781 0.775701 0.875781 0.773364 0.875781 0.771028 0.875781 0.768692 0.875781 0.766355 0.875000 0.765187 0.874219 0.764019 0.874219 0.761682 0.874219 0.759346 0.874219 0.757009 0.875000 0.755841 0.875781 0.754673 0.875781 0.752336 0.875781 0.750000 0.875781 0.747664 0.875781 0.745327 0.875781 0.742991 0.876563 0.741822 0.877344 0.740654 0.878125 0.739486 0.878906 0.740654 0.879687 0.741822 0.881250 0.741822 0.882031 0.742991 0.882031 0.745327 0.882812 0.746495 0.883594 0.747664 0.883594 0.750000 0.884375 0.751168 0.885156 0.752336 0.885156 0.754673 0.885156 0.757009 0.885156 0.759346 0.885156 0.761682 0.885156 0.764019 0.884375 0.765187 0.883594 0.766355 0.883594 0.768692 0.883594 0.771028 0.883594 0.773364 0.884375 0.774533 0.885156 0.775701 0.884375 0.776869 0.883594 0.778037 0.883594 0.780374 0.883594 0.782710 0.883594 0.785047 0.882812 0.786215 0.882031 0.787383 0.882031 0.789720 0.882031 0.792056 0.881250 0.793224
1 0.918750 0.774533 0.917969 0.773364 0.917188 0.772196 0.916406 0.771028 0.915625 0.769860 0.914844 0.768692 0.914844 0.766355 0.914844 0.764019 0.914844 0.761682 0.915625 0.760514 0.916406 0.759346 0.916406 0.757009 0.917188 0.755841 0.917969 0.754673 0.917969 0.752336 0.918750 0.751168 0.920312 0.751168 0.921875 0.751168 0.922656 0.752336 0.923438 0.753505 0.924219 0.754673 0.924219 0.757009 0.924219 0.759346 0.924219 0.761682 0.924219 0.764019 0.924219 0.766355 0.924219 0.768692 0.924219 0.771028 0.923438 0.772196 0.921875 0.772196 0.920312 0.772196 0.919531 0.773364 0.918750 0.774533
38 0.159375 0.823598 0.157812 0.823598 0.156250 0.823598 0.154688 0.823598 0.153125 0.823598 0.151562 0.823598 0.150000 0.823598 0.148438 0.823598 0.146875 0.823598 0.145313 0.823598 0.143750 0.823598 0.142187 0.823598 0.140625 0.823598 0.139063 0.823598 0.137500 0.823598 0.135937 0.823598 0.134375 0.823598 0.132812 0.823598 0.131250 0.823598 0.129688 0.823598 0.128125 0.823598 0.126562 0.823598 0.125000 0.823598 0.123438 0.823598 0.121875 0.823598 0.120313 0.823598 0.118750 0.823598 0.117188 0.823598 0.115625 0.823598 0.114062 0.823598 0.112500 0.823598 0.110937 0.823598 0.109375 0.823598 0.107813 0.823598 0.106250 0.823598 0.104688 0.823598 0.103125 0.823598 0.101562 0.823598 0.100781 0.822430 0.100000 0.821262 0.098437 0.821262 0.097656 0.820093 0.097656 0.817757 0.098437 0.816589 0.099219 0.815421 0.100000 0.814252 0.100781 0.813084 0.100781 0.810748 0.101562 0.809579 0.103125 0.809579 0.103906 0.808411 0.104688 0.807243 0.105469 0.806075 0.106250 0.804907 0.107813 0.804907 0.109375 0.804907 0.110937 0.804907 0.111719 0.803738 0.112500 0.802570 0.114062 0.802570 0.115625 0.802570 0.117188 0.802570 0.118750 0.802570 0.120313 0.802570 0.121875 0.802570 0.123438 0.802570 0.125000 0.802570 0.125781 0.803738 0.126562 0.804907 0.128125 0.804907 0.128906 0.806075 0.129688 0.807243 0.131250 0.807243 0.132812 0.807243 0.134375 0.807243 0.135937 0.807243 0.137500 0.807243 0.139063 0.807243 0.140625 0.807243 0.141406 0.806075 0.142187 0.804907 0.143750 0.804907 0.145313 0.804907 0.146094 0.803738 0.146875 0.802570 0.148438 0.802570 0.149219 0.801402 0.150000 0.800234 0.151562 0.800234 0.152344 0.799065 0.153125 0.797897 0.154688 0.797897 0.156250 0.797897 0.157812 0.797897 0.159375 0.797897 0.160156 0.799065 0.160156 0.801402 0.160156 0.803738 0.160156 0.806075 0.160156 0.808411 0.160938 0.809579 0.161719 0.810748 0.161719 0.813084 0.161719 0.815421 0.161719 0.817757 0.161719 0.820093 0.160938 0.821262 0.160156 0.822430 0.159375 0.823598
1 0.346875 0.795561 0.345313 0.795561 0.344531 0.794393 0.343750 0.793224 0.342969 0.792056 0.342187 0.790888 0.341406 0.789720 0.341406 0.787383 0.341406 0.785047 0.341406 0.782710 0.341406 0.780374 0.341406 0.778037 0.341406 0.775701 0.341406 0.773364 0.341406 0.771028 0.342187 0.769860 0.342969 0.768692 0.342187 0.767523 0.341406 0.766355 0.341406 0.764019 0.341406 0.761682 0.341406 0.759346 0.342187 0.758178 0.342969 0.757009 0.342969 0.754673 0.342969 0.752336 0.342969 0.750000 0.342969 0.747664 0.342969 0.745327 0.343750 0.744159 0.344531 0.742991 0.344531 0.740654 0.345313 0.739486 0.346094 0.738318 0.346875 0.737150 0.348438 0.737150 0.350000 0.737150 0.350781 0.738318 0.350781 0.740654 0.351562 0.741822 0.352344 0.742991 0.352344 0.745327 0.353125 0.746495 0.353906 0.747664 0.353906 0.750000 0.353906 0.752336 0.354687 0.753505 0.355469 0.754673 0.355469 0.757009 0.355469 0.759346 0.355469 0.761682 0.354687 0.762850 0.353906 0.764019 0.353125 0.765187 0.352344 0.766355 0.352344 0.768692 0.352344 0.771028 0.352344 0.773364 0.351562 0.774533 0.350781 0.775701 0.350781 0.778037 0.350781 0.780374 0.350781 0.782710 0.350781 0.785047 0.350781 0.787383 0.350000 0.788551 0.349219 0.789720 0.349219 0.792056 0.348438 0.793224 0.347656 0.794393 0.346875 0.795561
1 0.345313 0.793224 0.344531 0.792056 0.343750 0.790888 0.342969 0.789720 0.342187 0.788551 0.340625 0.788551 0.339844 0.789720 0.339062 0.790888 0.338281 0.789720 0.338281 0.787383 0.337500 0.786215 0.336719 0.785047 0.337500 0.783879 0.338281 0.782710 0.338281 0.780374 0.338281 0.778037 0.338281 0.775701 0.338281 0.773364 0.337500 0.772196 0.336719 0.771028 0.336719 0.768692 0.336719 0.766355 0.336719 0.764019 0.335938 0.762850 0.335156 0.761682 0.335156 0.759346 0.335156 0.757009 0.335938 0.755841 0.336719 0.754673 0.336719 0.752336 0.336719 0.750000 0.337500 0.748832 0.338281 0.747664 0.339062 0.746495 0.339844 0.745327 0.340625 0.744159 0.341406 0.745327 0.342187 0.746495 0.342969 0.747664 0.342969 0.750000 0.342969 0.752336 0.342969 0.754673 0.342969 0.757009 0.343750 0.758178 0.344531 0.759346 0.344531 0.761682 0.344531 0.764019 0.344531 0.766355 0.345313 0.767523 0.346094 0.768692 0.346094 0.771028 0.346094 0.773364 0.346094 0.775701 0.346094 0.778037 0.346094 0.780374 0.346094 0.782710 0.346094 0.785047 0.346094 0.787383 0.346094 0.789720 0.346094 0.792056 0.345313 0.793224
38 0.462500 0.494159 0.460938 0.494159 0.459375 0.494159 0.458594 0.492991 0.457813 0.491822 0.457031 0.490654 0.456250 0.489486 0.455469 0.488318 0.455469 0.485981 0.456250 0.484813 0.457813 0.484813 0.459375 0.484813 0.460938 0.484813 0.462500 0.484813 0.464062 0.484813 0.464844 0.485981 0.464844 0.488318 0.464844 0.490654 0.464062 0.491822 0.463281 0.492991 0.462500 0.494159
1 0.431250 0.790888 0.429688 0.790888 0.428906 0.789720 0.428906 0.787383 0.428906 0.785047 0.428906 0.782710 0.428906 0.780374 0.428906 0.778037 0.428906 0.775701 0.429688 0.774533 0.430469 0.773364 0.430469 0.771028 0.430469 0.768692 0.431250 0.767523 0.432031 0.766355 0.432812 0.765187 0.433594 0.764019 0.434375 0.762850 0.435937 0.762850 0.436719 0.764019 0.437500 0.765187 0.438281 0.766355 0.438281 0.768692 0.438281 0.771028 0.438281 0.773364 0.438281 0.775701 0.438281 0.778037 0.438281 0.780374 0.438281 0.782710 0.438281 0.785047 0.438281 0.787383 0.437500 0.788551 0.435937 0.788551 0.434375 0.788551 0.432812 0.788551 0.432031 0.789720 0.431250 0.790888
1 0.207813 0.786215 0.206250 0.786215 0.204687 0.786215 0.203906 0.785047 0.203906 0.782710 0.203906 0.780374 0.203906 0.778037 0.203906 0.775701 0.203906 0.773364 0.203906 0.771028 0.203125 0.769860 0.202344 0.768692 0.202344 0.766355 0.201563 0.765187 0.200781 0.764019 0.200781 0.761682 0.200781 0.759346 0.200781 0.757009 0.201563 0.755841 0.202344 0.754673 0.203125 0.753505 0.203906 0.752336 0.204687 0.751168 0.206250 0.751168 0.207031 0.752336 0.207813 0.753505 0.208594 0.754673 0.208594 0.757009 0.209375 0.758178 0.210156 0.759346 0.210156 0.761682 0.210156 0.764019 0.210156 0.766355 0.210156 0.768692 0.210156 0.771028 0.210156 0.773364 0.210156 0.775701 0.210156 0.778037 0.210156 0.780374 0.209375 0.781542 0.208594 0.782710 0.208594 0.785047 0.207813 0.786215
1 0.467187 0.783879 0.465625 0.783879 0.464062 0.783879 0.462500 0.783879 0.461719 0.782710 0.461719 0.780374 0.461719 0.778037 0.460938 0.776869 0.460156 0.775701 0.460156 0.773364 0.460156 0.771028 0.460156 0.768692 0.460156 0.766355 0.460156 0.764019 0.460156 0.761682 0.460938 0.760514 0.462500 0.760514 0.463281 0.759346 0.464062 0.758178 0.465625 0.758178 0.467187 0.758178 0.467969 0.759346 0.468750 0.760514 0.469531 0.761682 0.469531 0.764019 0.469531 0.766355 0.469531 0.768692 0.469531 0.771028 0.469531 0.773364 0.469531 0.775701 0.469531 0.778037 0.469531 0.780374 0.468750 0.781542 0.467969 0.782710 0.467187 0.783879
1 0.843750 0.802570 0.842187 0.802570 0.840625 0.802570 0.839844 0.801402 0.839063 0.800234 0.838281 0.799065 0.838281 0.796729 0.839063 0.795561 0.839844 0.794393 0.839844 0.792056 0.840625 0.790888 0.841406 0.789720 0.841406 0.787383 0.841406 0.785047 0.842187 0.783879 0.842969 0.782710 0.842969 0.780374 0.842969 0.778037 0.843750 0.776869 0.844531 0.775701 0.844531 0.773364 0.845313 0.772196 0.846094 0.771028 0.846094 0.768692 0.846094 0.766355 0.846094 0.764019 0.846094 0.761682 0.846875 0.760514 0.847656 0.759346 0.847656 0.757009 0.847656 0.754673 0.847656 0.752336 0.847656 0.750000 0.848437 0.748832 0.850000 0.748832 0.850781 0.747664 0.850781 0.745327 0.851562 0.744159 0.852344 0.745327 0.853125 0.746495 0.853906 0.745327 0.854688 0.744159 0.856250 0.744159 0.857031 0.745327 0.857812 0.746495 0.858594 0.747664 0.858594 0.750000 0.859375 0.751168 0.860156 0.752336 0.860938 0.753505 0.861719 0.754673 0.861719 0.757009 0.861719 0.759346 0.861719 0.761682 0.861719 0.764019 0.860938 0.765187 0.859375 0.765187 0.857812 0.765187 0.857031 0.764019 0.856250 0.762850 0.854688 0.762850 0.853125 0.762850 0.852344 0.764019 0.851562 0.765187 0.850781 0.766355 0.850781 0.768692 0.850781 0.771028 0.851562 0.772196 0.852344 0.773364 0.852344 0.775701 0.853125 0.776869 0.853906 0.778037 0.854688 0.779206 0.855469 0.780374 0.856250 0.781542 0.857031 0.782710 0.857812 0.783879 0.858594 0.785047 0.859375 0.786215 0.860156 0.787383 0.860938 0.788551 0.861719 0.789720 0.862500 0.790888 0.863281 0.792056 0.864062 0.793224 0.864844 0.794393 0.864844 0.796729 0.864062 0.797897 0.862500 0.797897 0.860938 0.797897 0.859375 0.797897 0.857812 0.797897 0.856250 0.797897 0.854688 0.797897 0.853125 0.797897 0.851562 0.797897 0.850000 0.797897 0.848437 0.797897 0.847656 0.799065 0.846875 0.800234 0.845313 0.800234 0.844531 0.801402 0.843750 0.802570
1 0.645312 0.788551 0.643750 0.788551 0.642188 0.788551 0.640625 0.788551 0.639062 0.788551 0.637500 0.788551 0.636719 0.787383 0.635938 0.786215 0.635156 0.785047 0.635156 0.782710 0.635156 0.780374 0.635156 0.778037 0.635156 0.775701 0.635156 0.773364 0.635156 0.771028 0.635156 0.768692 0.635156 0.766355 0.635156 0.764019 0.635156 0.761682 0.635156 0.759346 0.635938 0.758178 0.637500 0.758178 0.639062 0.758178 0.640625 0.758178 0.641406 0.759346 0.641406 0.761682 0.641406 0.764019 0.641406 0.766355 0.642188 0.767523 0.642969 0.768692 0.642969 0.771028 0.642969 0.773364 0.643750 0.774533 0.644531 0.775701 0.644531 0.778037 0.645312 0.779206 0.646094 0.780374 0.646094 0.782710 0.646094 0.785047 0.646094 0.787383 0.645312 0.788551
1 0.856250 0.767523 0.854688 0.767523 0.853125 0.767523 0.851562 0.767523 0.850000 0.767523 0.848437 0.767523 0.847656 0.766355 0.847656 0.764019 0.847656 0.761682 0.847656 0.759346 0.847656 0.757009 0.847656 0.754673 0.847656 0.752336 0.847656 0.750000 0.848437 0.748832 0.849219 0.747664 0.849219 0.745327 0.849219 0.742991 0.849219 0.740654 0.850000 0.739486 0.851562 0.739486 0.853125 0.739486 0.853906 0.740654 0.854688 0.741822 0.855469 0.742991 0.856250 0.744159 0.857031 0.745327 0.857812 0.746495 0.858594 0.747664 0.858594 0.750000 0.859375 0.751168 0.860156 0.752336 0.860156 0.754673 0.860156 0.757009 0.860156 0.759346 0.860156 0.761682 0.859375 0.762850 0.858594 0.764019 0.857812 0.765187 0.857031 0.766355 0.856250 0.767523
1 0.845313 0.767523 0.844531 0.766355 0.843750 0.765187 0.842187 0.765187 0.841406 0.766355 0.840625 0.767523 0.839063 0.767523 0.838281 0.766355 0.838281 0.764019 0.838281 0.761682 0.838281 0.759346 0.838281 0.757009 0.838281 0.754673 0.839063 0.753505 0.839844 0.752336 0.839844 0.750000 0.839844 0.747664 0.839844 0.745327 0.840625 0.744159 0.841406 0.742991 0.842187 0.741822 0.843750 0.741822 0.844531 0.740654 0.845313 0.739486 0.846094 0.740654 0.846875 0.741822 0.847656 0.742991 0.847656 0.745327 0.847656 0.747664 0.847656 0.750000 0.848437 0.751168 0.849219 0.752336 0.849219 0.754673 0.849219 0.757009 0.849219 0.759346 0.848437 0.760514 0.847656 0.761682 0.847656 0.764019 0.846875 0.765187 0.846094 0.766355 0.845313 0.767523
1 0.229687 0.776869 0.228125 0.776869 0.227344 0.775701 0.226562 0.774533 0.225000 0.774533 0.223438 0.774533 0.222656 0.773364 0.221875 0.772196 0.220312 0.772196 0.218750 0.772196 0.217188 0.772196 0.216406 0.771028 0.215625 0.769860 0.214844 0.768692 0.214844 0.766355 0.214844 0.764019 0.214844 0.761682 0.214844 0.759346 0.214844 0.757009 0.214844 0.754673 0.214844 0.752336 0.214844 0.750000 0.215625 0.748832 0.217188 0.748832 0.218750 0.748832 0.220312 0.748832 0.221094 0.750000 0.221875 0.751168 0.222656 0.752336 0.223438 0.753505 0.224219 0.754673 0.225000 0.755841 0.225781 0.757009 0.225781 0.759346 0.226562 0.760514 0.227344 0.761682 0.227344 0.764019 0.228125 0.765187 0.228906 0.766355 0.228906 0.768692 0.229687 0.769860 0.230469 0.771028 0.230469 0.773364 0.230469 0.775701 0.229687 0.776869
