16 0.189062 0.448958 0.187500 0.448958 0.185938 0.448958 0.184375 0.448958 0.182812 0.448958 0.181250 0.448958 0.179688 0.448958 0.178125 0.448958 0.177344 0.447917 0.177344 0.445833 0.177344 0.443750 0.178125 0.442708 0.178906 0.441667 0.179688 0.440625 0.180469 0.439583 0.179688 0.438542 0.178906 0.437500 0.178125 0.436458 0.177344 0.435417 0.176563 0.434375 0.175000 0.434375 0.174219 0.433333 0.173437 0.432292 0.171875 0.432292 0.171094 0.431250 0.170313 0.430208 0.168750 0.430208 0.167969 0.429167 0.167187 0.428125 0.165625 0.428125 0.164844 0.427083 0.164062 0.426042 0.162500 0.426042 0.161719 0.425000 0.160938 0.423958 0.159375 0.423958 0.158594 0.422917 0.157812 0.421875 0.157031 0.420833 0.157031 0.418750 0.157812 0.417708 0.159375 0.417708 0.160156 0.418750 0.160938 0.419792 0.162500 0.419792 0.164062 0.419792 0.165625 0.419792 0.166406 0.420833 0.167187 0.421875 0.168750 0.421875 0.170313 0.421875 0.171094 0.422917 0.171875 0.423958 0.173437 0.423958 0.174219 0.425000 0.175000 0.426042 0.176563 0.426042 0.178125 0.426042 0.178906 0.427083 0.179688 0.428125 0.181250 0.428125 0.182031 0.429167 0.182812 0.430208 0.184375 0.430208 0.185156 0.431250 0.185938 0.432292 0.186719 0.433333 0.187500 0.434375 0.189062 0.434375 0.190625 0.434375 0.192188 0.434375 0.192969 0.433333 0.192969 0.431250 0.193750 0.430208 0.194531 0.429167 0.194531 0.427083 0.195312 0.426042 0.196094 0.425000 0.196094 0.422917 0.196875 0.421875 0.197656 0.420833 0.198437 0.419792 0.199219 0.418750 0.200000 0.417708 0.200781 0.416667 0.201563 0.415625 0.202344 0.414583 0.202344 0.412500 0.202344 0.410417 0.203125 0.409375 0.203906 0.408333 0.204687 0.407292 0.205469 0.406250 0.206250 0.405208 0.207031 0.406250 0.207813 0.407292 0.208594 0.408333 0.208594 0.410417 0.208594 0.412500 0.207813 0.413542 0.207031 0.414583 0.207031 0.416667 0.206250 0.417708 0.205469 0.418750 0.205469 0.420833 0.204687 0.421875 0.203906 0.422917 0.203125 0.423958 0.202344 0.425000 0.201563 0.426042 0.200000 0.426042 0.199219 0.427083 0.198437 0.428125 0.197656 0.429167 0.197656 0.431250 0.196875 0.432292 0.196094 0.433333 0.196875 0.434375 0.197656 0.435417 0.198437 0.436458 0.200000 0.436458 0.200781 0.437500 0.200781 0.439583 0.200781 0.441667 0.200000 0.442708 0.198437 0.442708 0.197656 0.443750 0.196875 0.444792 0.195312 0.444792 0.194531 0.445833 0.193750 0.446875 0.192188 0.446875 0.190625 0.446875 0.189844 0.447917 0.189062 0.448958
16 0.728125 0.396875 0.726562 0.396875 0.725000 0.396875 0.724219 0.395833 0.723437 0.394792 0.722656 0.393750 0.721875 0.392708 0.721094 0.391667 0.720313 0.390625 0.719531 0.389583 0.718750 0.388542 0.717969 0.387500 0.717187 0.386458 0.715625 0.386458 0.714844 0.385417 0.714063 0.384375 0.713281 0.383333 0.712500 0.382292 0.711719 0.381250 0.710938 0.380208 0.710156 0.379167 0.709375 0.378125 0.707812 0.378125 0.707031 0.377083 0.706250 0.376042 0.704688 0.376042 0.703125 0.376042 0.701562 0.376042 0.700000 0.376042 0.698438 0.376042 0.696875 0.376042 0.696094 0.375000 0.696875 0.373958 0.697656 0.372917 0.698438 0.371875 0.699219 0.370833 0.700000 0.369792 0.700781 0.368750 0.700781 0.366667 0.700781 0.364583 0.700781 0.362500 0.701562 0.361458 0.703125 0.361458 0.704688 0.361458 0.706250 0.361458 0.707812 0.361458 0.709375 0.361458 0.710156 0.362500 0.710938 0.363542 0.712500 0.363542 0.713281 0.364583 0.714063 0.365625 0.715625 0.365625 0.716406 0.366667 0.717187 0.367708 0.718750 0.367708 0.720313 0.367708 0.721094 0.368750 0.721875 0.369792 0.722656 0.370833 0.722656 0.372917 0.722656 0.375000 0.722656 0.377083 0.723437 0.378125 0.724219 0.379167 0.725000 0.380208 0.725781 0.381250 0.725781 0.383333 0.726562 0.384375 0.727344 0.385417 0.727344 0.387500 0.727344 0.389583 0.728125 0.390625 0.728906 0.391667 0.728906 0.393750 0.728906 0.395833 0.728125 0.396875
16 0.023438 0.423958 0.021875 0.423958 0.020313 0.423958 0.018750 0.423958 0.017188 0.423958 0.015625 0.423958 0.014063 0.423958 0.012500 0.423958 0.010937 0.423958 0.010156 0.422917 0.009375 0.421875 0.008594 0.420833 0.009375 0.419792 0.010156 0.418750 0.010937 0.417708 0.011719 0.416667 0.011719 0.414583 0.011719 0.412500 0.011719 0.410417 0.010937 0.409375 0.010156 0.408333 0.009375 0.407292 0.008594 0.406250 0.007812 0.405208 0.007031 0.404167 0.006250 0.403125 0.005469 0.402083 0.004687 0.401042 0.003906 0.400000 0.003125 0.398958 0.002344 0.397917 0.001563 0.396875 0.000781 0.395833 0.000781 0.393750 0.000781 0.391667 0.001563 0.390625 0.003125 0.390625 0.004687 0.390625 0.006250 0.390625 0.007031 0.391667 0.007812 0.392708 0.009375 0.392708 0.010937 0.392708 0.011719 0.393750 0.012500 0.394792 0.013281 0.395833 0.014063 0.396875 0.014844 0.397917 0.015625 0.398958 0.016406 0.400000 0.016406 0.402083 0.017188 0.403125 0.017969 0.404167 0.018750 0.405208 0.020313 0.405208 0.021875 0.405208 0.022656 0.404167 0.023438 0.403125 0.024219 0.402083 0.025000 0.401042 0.025781 0.400000 0.026562 0.398958 0.027344 0.397917 0.028125 0.396875 0.029687 0.396875 0.030469 0.395833 0.031250 0.394792 0.032813 0.394792 0.033594 0.393750 0.034375 0.392708 0.035156 0.393750 0.035156 0.395833 0.035156 0.397917 0.034375 0.398958 0.033594 0.400000 0.032813 0.401042 0.032031 0.402083 0.031250 0.403125 0.030469 0.404167 0.030469 0.406250 0.029687 0.407292 0.028906 0.408333 0.028906 0.410417 0.029687 0.411458 0.030469 0.412500 0.031250 0.413542 0.032031 0.414583 0.032031 0.416667 0.031250 0.417708 0.029687 0.417708 0.028906 0.418750 0.028125 0.419792 0.026562 0.419792 0.025781 0.420833 0.025000 0.421875 0.024219 0.422917 0.023438 0.423958
16 0.410938 0.303125 0.409375 0.303125 0.407813 0.303125 0.407031 0.302083 0.406250 0.301042 0.404687 0.301042 0.403906 0.300000 0.403125 0.298958 0.401562 0.298958 0.400781 0.297917 0.400000 0.296875 0.398438 0.296875 0.397656 0.295833 0.396875 0.294792 0.395313 0.294792 0.394531 0.293750 0.393750 0.292708 0.392188 0.292708 0.390625 0.292708 0.389844 0.291667 0.389062 0.290625 0.387500 0.290625 0.386719 0.289583 0.385937 0.288542 0.384375 0.288542 0.383594 0.287500 0.382812 0.286458 0.381250 0.286458 0.379688 0.286458 0.378125 0.286458 0.376563 0.286458 0.375000 0.286458 0.374219 0.287500 0.373437 0.288542 0.372656 0.289583 0.371875 0.290625 0.371094 0.291667 0.371094 0.293750 0.370312 0.294792 0.369531 0.295833 0.368750 0.296875 0.367969 0.297917 0.367188 0.298958 0.366406 0.300000 0.365625 0.301042 0.364063 0.301042 0.362500 0.301042 0.361719 0.302083 0.360938 0.303125 0.359375 0.303125 0.358594 0.302083 0.357812 0.301042 0.357031 0.300000 0.357812 0.298958 0.358594 0.297917 0.358594 0.295833 0.358594 0.293750 0.359375 0.292708 0.360156 0.291667 0.360156 0.289583 0.360156 0.287500 0.360156 0.285417 0.360938 0.284375 0.361719 0.283333 0.362500 0.282292 0.364063 0.282292 0.364844 0.281250 0.365625 0.280208 0.367188 0.280208 0.368750 0.280208 0.369531 0.279167 0.370312 0.278125 0.371094 0.277083 0.371875 0.276042 0.373437 0.276042 0.374219 0.275000 0.375000 0.273958 0.376563 0.273958 0.377344 0.272917 0.378125 0.271875 0.379688 0.271875 0.381250 0.271875 0.382812 0.271875 0.383594 0.270833 0.384375 0.269792 0.385937 0.269792 0.387500 0.269792 0.389062 0.269792 0.389844 0.270833 0.389844 0.272917 0.389844 0.275000 0.390625 0.276042 0.391406 0.277083 0.392188 0.278125 0.392969 0.279167 0.393750 0.280208 0.395313 0.280208 0.396094 0.281250 0.396875 0.282292 0.398438 0.282292 0.399219 0.283333 0.400000 0.284375 0.400781 0.285417 0.401562 0.286458 0.402344 0.287500 0.403125 0.288542 0.403906 0.289583 0.404687 0.290625 0.405469 0.291667 0.406250 0.292708 0.407031 0.293750 0.407813 0.294792 0.408594 0.295833 0.409375 0.296875 0.410156 0.297917 0.410938 0.298958 0.411719 0.300000 0.411719 0.302083 0.410938 0.303125
16 0.270313 0.409375 0.268750 0.409375 0.267188 0.409375 0.265625 0.409375 0.264062 0.409375 0.262500 0.409375 0.260937 0.409375 0.259375 0.409375 0.257812 0.409375 0.256250 0.409375 0.255469 0.408333 0.254688 0.407292 0.253125 0.407292 0.251563 0.407292 0.250781 0.406250 0.251563 0.405208 0.252344 0.404167 0.253125 0.403125 0.254688 0.403125 0.255469 0.402083 0.256250 0.401042 0.257031 0.400000 0.257031 0.397917 0.257031 0.395833 0.257031 0.393750 0.256250 0.392708 0.254688 0.392708 0.253125 0.392708 0.251563 0.392708 0.250000 0.392708 0.248438 0.392708 0.247656 0.393750 0.246875 0.394792 0.245312 0.394792 0.243750 0.394792 0.242188 0.394792 0.241406 0.393750 0.241406 0.391667 0.242188 0.390625 0.243750 0.390625 0.245312 0.390625 0.246875 0.390625 0.247656 0.389583 0.248438 0.388542 0.250000 0.388542 0.250781 0.387500 0.251563 0.386458 0.253125 0.386458 0.254688 0.386458 0.255469 0.385417 0.256250 0.384375 0.257812 0.384375 0.259375 0.384375 0.260937 0.384375 0.262500 0.384375 0.264062 0.384375 0.265625 0.384375 0.267188 0.384375 0.267969 0.385417 0.267969 0.387500 0.268750 0.388542 0.269531 0.389583 0.269531 0.391667 0.270313 0.392708 0.271094 0.393750 0.271875 0.394792 0.273438 0.394792 0.275000 0.394792 0.276562 0.394792 0.277344 0.393750 0.278125 0.392708 0.279687 0.392708 0.280469 0.393750 0.281250 0.394792 0.282031 0.395833 0.282031 0.397917 0.281250 0.398958 0.280469 0.400000 0.279687 0.401042 0.278906 0.402083 0.278125 0.403125 0.277344 0.404167 0.276562 0.405208 0.275781 0.406250 0.275000 0.407292 0.273438 0.407292 0.271875 0.407292 0.271094 0.408333 0.270313 0.409375
1 0.729688 0.696875 0.728125 0.696875 0.726562 0.696875 0.725000 0.696875 0.723437 0.696875 0.721875 0.696875 0.720313 0.696875 0.718750 0.696875 0.717187 0.696875 0.716406 0.695833 0.715625 0.694792 0.714844 0.693750 0.714844 0.691667 0.714844 0.689583 0.714844 0.687500 0.714844 0.685417 0.714063 0.684375 0.713281 0.683333 0.713281 0.681250 0.713281 0.679167 0.713281 0.677083 0.713281 0.675000 0.713281 0.672917 0.713281 0.670833 0.714063 0.669792 0.714844 0.668750 0.715625 0.667708 0.716406 0.666667 0.717187 0.665625 0.717969 0.664583 0.717969 0.662500 0.718750 0.661458 0.719531 0.660417 0.720313 0.659375 0.721094 0.658333 0.721875 0.657292 0.723437 0.657292 0.725000 0.657292 0.725781 0.658333 0.726562 0.659375 0.727344 0.660417 0.727344 0.662500 0.727344 0.664583 0.727344 0.666667 0.727344 0.668750 0.727344 0.670833 0.728125 0.671875 0.728906 0.672917 0.728906 0.675000 0.728906 0.677083 0.729688 0.678125 0.730469 0.679167 0.731250 0.680208 0.732031 0.681250 0.732031 0.683333 0.732031 0.685417 0.732031 0.687500 0.732031 0.689583 0.732031 0.691667 0.732031 0.693750 0.731250 0.694792 0.730469 0.695833 0.729688 0.696875
16 0.481250 0.336458 0.480469 0.335417 0.479687 0.334375 0.478906 0.333333 0.479687 0.332292 0.480469 0.331250 0.481250 0.330208 0.482031 0.329167 0.482812 0.328125 0.483594 0.327083 0.483594 0.325000 0.483594 0.322917 0.482812 0.321875 0.482031 0.320833 0.481250 0.319792 0.479687 0.319792 0.478906 0.318750 0.478125 0.317708 0.477344 0.316667 0.476562 0.315625 0.475781 0.314583 0.475000 0.313542 0.474219 0.312500 0.473438 0.311458 0.472656 0.310417 0.472656 0.308333 0.471875 0.307292 0.471094 0.306250 0.470313 0.305208 0.469531 0.304167 0.469531 0.302083 0.470313 0.301042 0.471875 0.301042 0.472656 0.302083 0.473438 0.303125 0.475000 0.303125 0.475781 0.304167 0.476562 0.305208 0.478125 0.305208 0.478906 0.306250 0.479687 0.307292 0.481250 0.307292 0.482031 0.308333 0.482812 0.309375 0.484375 0.309375 0.485938 0.309375 0.486719 0.310417 0.487500 0.311458 0.489063 0.311458 0.489844 0.312500 0.490625 0.313542 0.492188 0.313542 0.492969 0.314583 0.493750 0.315625 0.495312 0.315625 0.496875 0.315625 0.497656 0.314583 0.498437 0.313542 0.500000 0.313542 0.500781 0.312500 0.501563 0.311458 0.502344 0.310417 0.503125 0.309375 0.503906 0.308333 0.504687 0.307292 0.505469 0.306250 0.506250 0.305208 0.507031 0.304167 0.507812 0.303125 0.508594 0.302083 0.509375 0.301042 0.510938 0.301042 0.511719 0.300000 0.512500 0.298958 0.513281 0.297917 0.514062 0.296875 0.514844 0.295833 0.515625 0.294792 0.516406 0.293750 0.517188 0.292708 0.518750 0.292708 0.519531 0.293750 0.519531 0.295833 0.519531 0.297917 0.519531 0.300000 0.519531 0.302083 0.518750 0.303125 0.517969 0.304167 0.517188 0.305208 0.516406 0.306250 0.515625 0.307292 0.514844 0.308333 0.514062 0.309375 0.512500 0.309375 0.511719 0.310417 0.510938 0.311458 0.510156 0.312500 0.509375 0.313542 0.508594 0.314583 0.508594 0.316667 0.508594 0.318750 0.508594 0.320833 0.508594 0.322917 0.508594 0.325000 0.507812 0.326042 0.506250 0.326042 0.505469 0.327083 0.504687 0.328125 0.503125 0.328125 0.502344 0.329167 0.501563 0.330208 0.500000 0.330208 0.499219 0.331250 0.498437 0.332292 0.496875 0.332292 0.495312 0.332292 0.494531 0.333333 0.493750 0.334375 0.492188 0.334375 0.490625 0.334375 0.489063 0.334375 0.487500 0.334375 0.485938 0.334375 0.484375 0.334375 0.482812 0.334375 0.482031 0.335417 0.481250 0.336458
1 0.396875 0.707292 0.395313 0.707292 0.394531 0.706250 0.393750 0.705208 0.392969 0.704167 0.392188 0.703125 0.391406 0.702083 0.391406 0.700000 0.391406 0.697917 0.390625 0.696875 0.389844 0.695833 0.389062 0.694792 0.388281 0.693750 0.387500 0.692708 0.385937 0.692708 0.384375 0.692708 0.383594 0.693750 0.382812 0.694792 0.381250 0.694792 0.380469 0.693750 0.380469 0.691667 0.379688 0.690625 0.378906 0.689583 0.378906 0.687500 0.378906 0.685417 0.378906 0.683333 0.378906 0.681250 0.378906 0.679167 0.378125 0.678125 0.377344 0.677083 0.377344 0.675000 0.377344 0.672917 0.377344 0.670833 0.377344 0.668750 0.377344 0.666667 0.377344 0.664583 0.377344 0.662500 0.377344 0.660417 0.377344 0.658333 0.378125 0.657292 0.378906 0.656250 0.378906 0.654167 0.378906 0.652083 0.379688 0.651042 0.380469 0.650000 0.381250 0.648958 0.382031 0.647917 0.382031 0.645833 0.382812 0.644792 0.383594 0.643750 0.384375 0.642708 0.385156 0.641667 0.385937 0.640625 0.387500 0.640625 0.389062 0.640625 0.390625 0.640625 0.391406 0.641667 0.391406 0.643750 0.392188 0.644792 0.392969 0.645833 0.392969 0.647917 0.392969 0.650000 0.392969 0.652083 0.392969 0.654167 0.392969 0.656250 0.392969 0.658333 0.392969 0.660417 0.392969 0.662500 0.392969 0.664583 0.392969 0.666667 0.392969 0.668750 0.393750 0.669792 0.394531 0.670833 0.394531 0.672917 0.394531 0.675000 0.394531 0.677083 0.394531 0.679167 0.394531 0.681250 0.394531 0.683333 0.394531 0.685417 0.395313 0.686458 0.396094 0.687500 0.396094 0.689583 0.396094 0.691667 0.396094 0.693750 0.396094 0.695833 0.396094 0.697917 0.396094 0.700000 0.396875 0.701042 0.397656 0.702083 0.397656 0.704167 0.397656 0.706250 0.396875 0.707292
16 0.729688 0.482292 0.728125 0.482292 0.727344 0.481250 0.727344 0.479167 0.726562 0.478125 0.725781 0.477083 0.725000 0.476042 0.724219 0.475000 0.724219 0.472917 0.723437 0.471875 0.722656 0.470833 0.721875 0.469792 0.721094 0.468750 0.720313 0.467708 0.719531 0.466667 0.719531 0.464583 0.718750 0.463542 0.717187 0.463542 0.716406 0.462500 0.715625 0.461458 0.714063 0.461458 0.712500 0.461458 0.710938 0.461458 0.709375 0.461458 0.707812 0.461458 0.707031 0.462500 0.706250 0.463542 0.704688 0.463542 0.703906 0.464583 0.703125 0.465625 0.702344 0.464583 0.701562 0.463542 0.700781 0.462500 0.700781 0.460417 0.700781 0.458333 0.701562 0.457292 0.702344 0.456250 0.703125 0.455208 0.703906 0.454167 0.704688 0.453125 0.705469 0.452083 0.706250 0.451042 0.707812 0.451042 0.709375 0.451042 0.710938 0.451042 0.711719 0.450000 0.712500 0.448958 0.714063 0.448958 0.715625 0.448958 0.717187 0.448958 0.718750 0.448958 0.720313 0.448958 0.721875 0.448958 0.723437 0.448958 0.725000 0.448958 0.725781 0.450000 0.726562 0.451042 0.727344 0.452083 0.727344 0.454167 0.728125 0.455208 0.728906 0.456250 0.728906 0.458333 0.728906 0.460417 0.729688 0.461458 0.730469 0.462500 0.730469 0.464583 0.730469 0.466667 0.730469 0.468750 0.730469 0.470833 0.731250 0.471875 0.732031 0.472917 0.732031 0.475000 0.732031 0.477083 0.731250 0.478125 0.730469 0.479167 0.730469 0.481250 0.729688 0.482292
9 0.548438 0.667708 0.546875 0.667708 0.545312 0.667708 0.543750 0.667708 0.542969 0.666667 0.542188 0.665625 0.541406 0.664583 0.541406 0.662500 0.542188 0.661458 0.542969 0.660417 0.542969 0.658333 0.543750 0.657292 0.544531 0.656250 0.545312 0.655208 0.546094 0.654167 0.546094 0.652083 0.546875 0.651042 0.548438 0.651042 0.549219 0.652083 0.549219 0.654167 0.550000 0.655208 0.550781 0.656250 0.550781 0.658333 0.551562 0.659375 0.552344 0.660417 0.552344 0.662500 0.552344 0.664583 0.551562 0.665625 0.550000 0.665625 0.549219 0.666667 0.548438 0.667708
1 0.806250 0.696875 0.804688 0.696875 0.803125 0.696875 0.801562 0.696875 0.800000 0.696875 0.798438 0.696875 0.796875 0.696875 0.795312 0.696875 0.793750 0.696875 0.792188 0.696875 0.790625 0.696875 0.789062 0.696875 0.787500 0.696875 0.785937 0.696875 0.785156 0.695833 0.785156 0.693750 0.785156 0.691667 0.785156 0.689583 0.785156 0.687500 0.785156 0.685417 0.785156 0.683333 0.785156 0.681250 0.785937 0.680208 0.786719 0.679167 0.786719 0.677083 0.787500 0.676042 0.788281 0.675000 0.789062 0.673958 0.789844 0.672917 0.790625 0.671875 0.791406 0.670833 0.792188 0.669792 0.793750 0.669792 0.795312 0.669792 0.796094 0.670833 0.796875 0.671875 0.797656 0.672917 0.797656 0.675000 0.798438 0.676042 0.799219 0.677083 0.800000 0.678125 0.801562 0.678125 0.802344 0.679167 0.803125 0.680208 0.803906 0.681250 0.804688 0.682292 0.805469 0.683333 0.806250 0.684375 0.807031 0.685417 0.807031 0.687500 0.807031 0.689583 0.807031 0.691667 0.807031 0.693750 0.807031 0.695833 0.806250 0.696875
16 0.956250 0.392708 0.954688 0.392708 0.953125 0.392708 0.951562 0.392708 0.950000 0.392708 0.948438 0.392708 0.946875 0.392708 0.945312 0.392708 0.943750 0.392708 0.942187 0.392708 0.941406 0.391667 0.941406 0.389583 0.942187 0.388542 0.942969 0.387500 0.943750 0.386458 0.944531 0.385417 0.944531 0.383333 0.944531 0.381250 0.944531 0.379167 0.944531 0.377083 0.943750 0.376042 0.942969 0.375000 0.942187 0.373958 0.940625 0.373958 0.939063 0.373958 0.938281 0.372917 0.939063 0.371875 0.939844 0.370833 0.940625 0.369792 0.942187 0.369792 0.943750 0.369792 0.945312 0.369792 0.946875 0.369792 0.948438 0.369792 0.950000 0.369792 0.951562 0.369792 0.953125 0.369792 0.954688 0.369792 0.955469 0.370833 0.955469 0.372917 0.955469 0.375000 0.955469 0.377083 0.955469 0.379167 0.955469 0.381250 0.955469 0.383333 0.956250 0.384375 0.957812 0.384375 0.959375 0.384375 0.960156 0.385417 0.960938 0.386458 0.962500 0.386458 0.963281 0.387500 0.962500 0.388542 0.961719 0.389583 0.960938 0.390625 0.959375 0.390625 0.957812 0.390625 0.957031 0.391667 0.956250 0.392708
