1 0.437500 0.705208 0.435937 0.705208 0.434375 0.705208 0.432812 0.705208 0.431250 0.705208 0.430469 0.704167 0.429688 0.703125 0.428125 0.703125 0.426563 0.703125 0.425000 0.703125 0.424219 0.702083 0.424219 0.700000 0.424219 0.697917 0.425000 0.696875 0.425781 0.695833 0.425781 0.693750 0.426563 0.692708 0.427344 0.691667 0.428125 0.690625 0.428906 0.689583 0.428906 0.687500 0.428906 0.685417 0.429688 0.684375 0.430469 0.683333 0.430469 0.681250 0.430469 0.679167 0.430469 0.677083 0.430469 0.675000 0.430469 0.672917 0.430469 0.670833 0.430469 0.668750 0.430469 0.666667 0.430469 0.664583 0.430469 0.662500 0.430469 0.660417 0.430469 0.658333 0.430469 0.656250 0.430469 0.654167 0.429688 0.653125 0.428906 0.652083 0.428906 0.650000 0.428906 0.647917 0.428906 0.645833 0.428906 0.643750 0.428906 0.641667 0.428906 0.639583 0.428906 0.637500 0.428906 0.635417 0.428906 0.633333 0.428125 0.632292 0.427344 0.631250 0.427344 0.629167 0.427344 0.627083 0.427344 0.625000 0.427344 0.622917 0.427344 0.620833 0.427344 0.618750 0.427344 0.616667 0.427344 0.614583 0.427344 0.612500 0.427344 0.610417 0.427344 0.608333 0.427344 0.606250 0.427344 0.604167 0.427344 0.602083 0.427344 0.600000 0.427344 0.597917 0.427344 0.595833 0.427344 0.593750 0.426563 0.592708 0.425781 0.593750 0.425000 0.594792 0.424219 0.595833 0.423438 0.596875 0.422656 0.597917 0.421875 0.598958 0.421094 0.600000 0.420312 0.601042 0.419531 0.602083 0.419531 0.604167 0.418750 0.605208 0.417969 0.606250 0.417969 0.608333 0.417969 0.610417 0.417187 0.611458 0.416406 0.612500 0.415625 0.613542 0.414844 0.614583 0.414062 0.615625 0.412500 0.615625 0.411719 0.614583 0.410938 0.613542 0.410156 0.612500 0.410156 0.610417 0.409375 0.609375 0.408594 0.608333 0.408594 0.606250 0.408594 0.604167 0.409375 0.603125 0.410156 0.602083 0.410156 0.600000 0.410156 0.597917 0.410938 0.596875 0.411719 0.595833 0.411719 0.593750 0.412500 0.592708 0.413281 0.591667 0.414062 0.590625 0.414844 0.589583 0.414844 0.587500 0.414844 0.585417 0.415625 0.584375 0.416406 0.583333 0.416406 0.581250 0.417187 0.580208 0.417969 0.579167 0.417969 0.577083 0.417969 0.575000 0.418750 0.573958 0.419531 0.572917 0.419531 0.570833 0.420312 0.569792 0.421094 0.568750 0.421094 0.566667 0.421875 0.565625 0.422656 0.564583 0.422656 0.562500 0.422656 0.560417 0.423438 0.559375 0.424219 0.558333 0.424219 0.556250 0.424219 0.554167 0.425000 0.553125 0.425781 0.552083 0.425781 0.550000 0.426563 0.548958 0.427344 0.547917 0.427344 0.545833 0.428125 0.544792 0.428906 0.543750 0.429688 0.542708 0.430469 0.541667 0.430469 0.539583 0.431250 0.538542 0.432031 0.537500 0.432031 0.535417 0.432031 0.533333 0.431250 0.532292 0.430469 0.531250 0.430469 0.529167 0.430469 0.527083 0.430469 0.525000 0.430469 0.522917 0.431250 0.521875 0.432031 0.520833 0.432812 0.519792 0.433594 0.518750 0.434375 0.517708 0.435937 0.517708 0.437500 0.517708 0.439063 0.517708 0.440625 0.517708 0.442188 0.517708 0.442969 0.518750 0.443750 0.519792 0.444531 0.520833 0.445312 0.521875 0.446094 0.522917 0.446094 0.525000 0.446094 0.527083 0.446094 0.529167 0.446094 0.531250 0.446094 0.533333 0.446094 0.535417 0.446875 0.536458 0.447656 0.537500 0.447656 0.539583 0.448437 0.540625 0.449219 0.541667 0.450000 0.542708 0.450781 0.543750 0.450781 0.545833 0.451562 0.546875 0.452344 0.547917 0.453125 0.548958 0.453906 0.550000 0.453906 0.552083 0.454688 0.553125 0.455469 0.554167 0.455469 0.556250 0.456250 0.557292 0.457031 0.558333 0.457813 0.559375 0.458594 0.560417 0.458594 0.562500 0.458594 0.564583 0.459375 0.565625 0.460156 0.566667 0.460156 0.568750 0.460938 0.569792 0.461719 0.570833 0.461719 0.572917 0.461719 0.575000 0.461719 0.577083 0.462500 0.578125 0.463281 0.579167 0.463281 0.581250 0.463281 0.583333 0.463281 0.585417 0.463281 0.587500 0.464062 0.588542 0.464844 0.589583 0.464844 0.591667 0.464844 0.593750 0.464844 0.595833 0.465625 0.596875 0.466406 0.597917 0.466406 0.600000 0.466406 0.602083 0.466406 0.604167 0.466406 0.606250 0.466406 0.608333 0.466406 0.610417 0.467187 0.611458 0.467969 0.612500 0.467969 0.614583 0.467969 0.616667 0.467969 0.618750 0.467969 0.620833 0.467969 0.622917 0.467187 0.623958 0.466406 0.622917 0.465625 0.621875 0.464844 0.620833 0.464062 0.619792 0.463281 0.618750 0.462500 0.617708 0.461719 0.616667 0.460938 0.615625 0.460156 0.614583 0.460156 0.612500 0.459375 0.611458 0.458594 0.610417 0.457813 0.609375 0.457031 0.610417 0.457031 0.612500 0.457031 0.614583 0.457031 0.616667 0.457031 0.618750 0.457031 0.620833 0.457031 0.622917 0.457031 0.625000 0.457031 0.627083 0.457031 0.629167 0.457031 0.631250 0.457031 0.633333 0.457031 0.635417 0.457031 0.637500 0.457031 0.639583 0.457031 0.641667 0.457813 0.642708 0.458594 0.643750 0.458594 0.645833 0.459375 0.646875 0.460156 0.647917 0.460156 0.650000 0.460938 0.651042 0.461719 0.652083 0.461719 0.654167 0.462500 0.655208 0.463281 0.656250 0.463281 0.658333 0.463281 0.660417 0.464062 0.661458 0.464844 0.662500 0.464844 0.664583 0.464844 0.666667 0.464844 0.668750 0.464844 0.670833 0.465625 0.671875 0.466406 0.672917 0.466406 0.675000 0.466406 0.677083 0.466406 0.679167 0.467187 0.680208 0.467969 0.681250 0.467969 0.683333 0.467969 0.685417 0.468750 0.686458 0.469531 0.687500 0.469531 0.689583 0.469531 0.691667 0.469531 0.693750 0.469531 0.695833 0.468750 0.696875 0.467969 0.697917 0.467187 0.698958 0.465625 0.698958 0.464062 0.698958 0.462500 0.698958 0.460938 0.698958 0.460156 0.697917 0.459375 0.696875 0.458594 0.695833 0.458594 0.693750 0.457813 0.692708 0.457031 0.691667 0.457031 0.689583 0.457031 0.687500 0.457031 0.685417 0.457031 0.683333 0.457031 0.681250 0.457031 0.679167 0.456250 0.678125 0.455469 0.677083 0.455469 0.675000 0.455469 0.672917 0.454688 0.671875 0.453906 0.670833 0.453906 0.668750 0.453906 0.666667 0.453125 0.665625 0.452344 0.664583 0.452344 0.662500 0.452344 0.660417 0.451562 0.659375 0.450781 0.658333 0.450781 0.656250 0.450000 0.655208 0.449219 0.654167 0.449219 0.652083 0.449219 0.650000 0.448437 0.648958 0.447656 0.647917 0.447656 0.645833 0.447656 0.643750 0.446875 0.642708 0.446094 0.641667 0.446094 0.639583 0.446094 0.637500 0.445312 0.636458 0.444531 0.635417 0.444531 0.633333 0.443750 0.632292 0.442969 0.633333 0.442188 0.634375 0.441406 0.635417 0.441406 0.637500 0.441406 0.639583 0.441406 0.641667 0.441406 0.643750 0.441406 0.645833 0.440625 0.646875 0.439844 0.647917 0.439844 0.650000 0.439844 0.652083 0.439844 0.654167 0.440625 0.655208 0.441406 0.656250 0.441406 0.658333 0.441406 0.660417 0.441406 0.662500 0.441406 0.664583 0.441406 0.666667 0.441406 0.668750 0.441406 0.670833 0.441406 0.672917 0.441406 0.675000 0.441406 0.677083 0.441406 0.679167 0.441406 0.681250 0.441406 0.683333 0.441406 0.685417 0.441406 0.687500 0.441406 0.689583 0.441406 0.691667 0.441406 0.693750 0.441406 0.695833 0.441406 0.697917 0.441406 0.700000 0.440625 0.701042 0.439844 0.702083 0.439063 0.703125 0.438281 0.704167 0.437500 0.705208
1 0.142187 0.667708 0.140625 0.667708 0.139844 0.666667 0.139063 0.665625 0.137500 0.665625 0.136719 0.664583 0.135937 0.663542 0.134375 0.663542 0.133594 0.662500 0.133594 0.660417 0.133594 0.658333 0.133594 0.656250 0.133594 0.654167 0.133594 0.652083 0.134375 0.651042 0.135156 0.650000 0.135937 0.648958 0.136719 0.647917 0.137500 0.646875 0.138281 0.645833 0.139063 0.644792 0.139844 0.643750 0.140625 0.642708 0.141406 0.641667 0.141406 0.639583 0.142187 0.638542 0.142969 0.637500 0.143750 0.636458 0.144531 0.635417 0.145313 0.634375 0.146094 0.633333 0.146875 0.632292 0.147656 0.631250 0.147656 0.629167 0.148438 0.628125 0.149219 0.627083 0.149219 0.625000 0.150000 0.623958 0.150781 0.622917 0.150781 0.620833 0.150781 0.618750 0.150781 0.616667 0.150781 0.614583 0.150781 0.612500 0.150781 0.610417 0.150781 0.608333 0.150781 0.606250 0.150781 0.604167 0.150000 0.603125 0.149219 0.602083 0.149219 0.600000 0.148438 0.598958 0.147656 0.597917 0.147656 0.595833 0.147656 0.593750 0.147656 0.591667 0.147656 0.589583 0.147656 0.587500 0.146875 0.586458 0.146094 0.585417 0.146094 0.583333 0.146875 0.582292 0.147656 0.581250 0.147656 0.579167 0.147656 0.577083 0.147656 0.575000 0.147656 0.572917 0.148438 0.571875 0.149219 0.570833 0.149219 0.568750 0.150000 0.567708 0.150781 0.566667 0.150781 0.564583 0.151562 0.563542 0.152344 0.562500 0.153125 0.561458 0.153906 0.560417 0.154688 0.559375 0.155469 0.558333 0.155469 0.556250 0.156250 0.555208 0.157031 0.554167 0.157812 0.553125 0.158594 0.552083 0.159375 0.551042 0.160938 0.551042 0.162500 0.551042 0.163281 0.550000 0.164062 0.548958 0.165625 0.548958 0.166406 0.547917 0.166406 0.545833 0.167187 0.544792 0.167969 0.543750 0.167969 0.541667 0.167969 0.539583 0.168750 0.538542 0.169531 0.537500 0.169531 0.535417 0.169531 0.533333 0.170313 0.532292 0.171094 0.531250 0.171875 0.530208 0.173437 0.530208 0.174219 0.529167 0.175000 0.528125 0.176563 0.528125 0.178125 0.528125 0.178906 0.529167 0.179688 0.530208 0.181250 0.530208 0.182031 0.531250 0.182812 0.532292 0.183594 0.533333 0.183594 0.535417 0.183594 0.537500 0.183594 0.539583 0.183594 0.541667 0.183594 0.543750 0.183594 0.545833 0.183594 0.547917 0.184375 0.548958 0.185156 0.550000 0.185156 0.552083 0.185156 0.554167 0.185938 0.555208 0.186719 0.556250 0.186719 0.558333 0.186719 0.560417 0.186719 0.562500 0.186719 0.564583 0.186719 0.566667 0.187500 0.567708 0.188281 0.568750 0.188281 0.570833 0.188281 0.572917 0.188281 0.575000 0.188281 0.577083 0.189062 0.578125 0.189844 0.579167 0.189844 0.581250 0.189062 0.582292 0.188281 0.583333 0.188281 0.585417 0.188281 0.587500 0.187500 0.588542 0.186719 0.589583 0.185938 0.590625 0.185156 0.591667 0.184375 0.592708 0.182812 0.592708 0.182031 0.593750 0.181250 0.594792 0.180469 0.595833 0.179688 0.596875 0.178125 0.596875 0.177344 0.597917 0.177344 0.600000 0.176563 0.601042 0.175781 0.602083 0.175000 0.603125 0.174219 0.604167 0.174219 0.606250 0.173437 0.607292 0.172656 0.608333 0.172656 0.610417 0.172656 0.612500 0.172656 0.614583 0.171875 0.615625 0.171094 0.616667 0.171094 0.618750 0.171094 0.620833 0.171094 0.622917 0.171094 0.625000 0.171094 0.627083 0.171094 0.629167 0.171094 0.631250 0.171094 0.633333 0.171875 0.634375 0.172656 0.635417 0.172656 0.637500 0.172656 0.639583 0.172656 0.641667 0.172656 0.643750 0.172656 0.645833 0.172656 0.647917 0.173437 0.648958 0.174219 0.650000 0.174219 0.652083 0.174219 0.654167 0.174219 0.656250 0.174219 0.658333 0.173437 0.659375 0.172656 0.660417 0.171875 0.661458 0.170313 0.661458 0.168750 0.661458 0.167187 0.661458 0.166406 0.660417 0.165625 0.659375 0.164844 0.658333 0.164844 0.656250 0.164062 0.655208 0.163281 0.654167 0.163281 0.652083 0.163281 0.650000 0.163281 0.647917 0.163281 0.645833 0.163281 0.643750 0.162500 0.642708 0.161719 0.641667 0.161719 0.639583 0.160938 0.638542 0.159375 0.638542 0.157812 0.638542 0.156250 0.638542 0.155469 0.639583 0.154688 0.640625 0.153906 0.641667 0.153125 0.642708 0.152344 0.643750 0.151562 0.644792 0.150781 0.645833 0.150000 0.646875 0.149219 0.647917 0.149219 0.650000 0.148438 0.651042 0.147656 0.652083 0.147656 0.654167 0.146875 0.655208 0.146094 0.656250 0.146094 0.658333 0.146094 0.660417 0.146094 0.662500 0.145313 0.663542 0.144531 0.664583 0.143750 0.665625 0.142969 0.666667 0.142187 0.667708
1 0.703125 0.586458 0.701562 0.586458 0.700000 0.586458 0.698438 0.586458 0.697656 0.585417 0.697656 0.583333 0.697656 0.581250 0.698438 0.580208 0.699219 0.579167 0.699219 0.577083 0.699219 0.575000 0.699219 0.572917 0.699219 0.570833 0.700000 0.569792 0.700781 0.568750 0.700781 0.566667 0.700781 0.564583 0.700781 0.562500 0.700781 0.560417 0.700781 0.558333 0.700781 0.556250 0.700781 0.554167 0.700781 0.552083 0.700781 0.550000 0.700781 0.547917 0.700781 0.545833 0.700781 0.543750 0.700781 0.541667 0.700781 0.539583 0.700781 0.537500 0.700781 0.535417 0.700781 0.533333 0.700781 0.531250 0.700781 0.529167 0.700781 0.527083 0.700781 0.525000 0.700781 0.522917 0.700781 0.520833 0.700781 0.518750 0.701562 0.517708 0.702344 0.516667 0.703125 0.515625 0.704688 0.515625 0.706250 0.515625 0.707031 0.516667 0.707812 0.517708 0.708594 0.518750 0.708594 0.520833 0.709375 0.521875 0.710156 0.522917 0.710156 0.525000 0.710156 0.527083 0.710938 0.528125 0.711719 0.529167 0.711719 0.531250 0.711719 0.533333 0.711719 0.535417 0.711719 0.537500 0.711719 0.539583 0.711719 0.541667 0.711719 0.543750 0.711719 0.545833 0.711719 0.547917 0.712500 0.548958 0.713281 0.550000 0.712500 0.551042 0.711719 0.552083 0.711719 0.554167 0.710938 0.555208 0.710156 0.556250 0.709375 0.557292 0.708594 0.558333 0.708594 0.560417 0.708594 0.562500 0.709375 0.563542 0.710156 0.564583 0.710156 0.566667 0.710938 0.567708 0.711719 0.568750 0.712500 0.569792 0.713281 0.570833 0.713281 0.572917 0.714063 0.573958 0.714844 0.575000 0.714844 0.577083 0.715625 0.578125 0.716406 0.579167 0.716406 0.581250 0.716406 0.583333 0.715625 0.584375 0.714063 0.584375 0.712500 0.584375 0.710938 0.584375 0.709375 0.584375 0.707812 0.584375 0.706250 0.584375 0.704688 0.584375 0.703906 0.585417 0.703125 0.586458
1 0.028125 0.611458 0.026562 0.611458 0.025000 0.611458 0.024219 0.610417 0.023438 0.609375 0.021875 0.609375 0.020313 0.609375 0.019531 0.610417 0.018750 0.611458 0.017188 0.611458 0.016406 0.610417 0.016406 0.608333 0.016406 0.606250 0.016406 0.604167 0.016406 0.602083 0.016406 0.600000 0.016406 0.597917 0.016406 0.595833 0.015625 0.594792 0.014844 0.593750 0.014844 0.591667 0.014844 0.589583 0.014844 0.587500 0.014844 0.585417 0.014844 0.583333 0.014063 0.582292 0.013281 0.581250 0.013281 0.579167 0.013281 0.577083 0.012500 0.576042 0.011719 0.575000 0.011719 0.572917 0.011719 0.570833 0.010937 0.569792 0.010156 0.568750 0.010156 0.566667 0.010156 0.564583 0.010156 0.562500 0.010156 0.560417 0.010156 0.558333 0.010937 0.557292 0.011719 0.556250 0.011719 0.554167 0.012500 0.553125 0.013281 0.552083 0.014063 0.551042 0.014844 0.550000 0.015625 0.548958 0.016406 0.547917 0.017188 0.546875 0.017969 0.545833 0.017969 0.543750 0.017969 0.541667 0.017969 0.539583 0.017969 0.537500 0.018750 0.536458 0.019531 0.535417 0.020313 0.534375 0.021094 0.533333 0.021094 0.531250 0.021875 0.530208 0.023438 0.530208 0.025000 0.530208 0.026562 0.530208 0.027344 0.531250 0.027344 0.533333 0.028125 0.534375 0.028906 0.535417 0.029687 0.536458 0.030469 0.537500 0.031250 0.538542 0.032813 0.538542 0.034375 0.538542 0.035937 0.538542 0.036719 0.537500 0.037500 0.536458 0.038281 0.535417 0.039062 0.534375 0.039844 0.535417 0.039844 0.537500 0.039844 0.539583 0.039844 0.541667 0.039844 0.543750 0.039062 0.544792 0.038281 0.545833 0.038281 0.547917 0.037500 0.548958 0.035937 0.548958 0.035156 0.550000 0.034375 0.551042 0.033594 0.552083 0.032813 0.553125 0.032031 0.554167 0.031250 0.555208 0.030469 0.556250 0.029687 0.557292 0.028906 0.558333 0.028906 0.560417 0.028906 0.562500 0.028906 0.564583 0.028906 0.566667 0.028906 0.568750 0.028906 0.570833 0.028906 0.572917 0.028906 0.575000 0.028906 0.577083 0.028906 0.579167 0.028906 0.581250 0.028906 0.583333 0.028906 0.585417 0.028906 0.587500 0.028906 0.589583 0.028906 0.591667 0.028906 0.593750 0.028906 0.595833 0.028906 0.597917 0.028906 0.600000 0.028906 0.602083 0.029687 0.603125 0.030469 0.604167 0.030469 0.606250 0.030469 0.608333 0.029687 0.609375 0.028906 0.610417 0.028125 0.611458
1 0.348438 0.582292 0.346875 0.582292 0.346094 0.581250 0.345313 0.580208 0.343750 0.580208 0.342187 0.580208 0.341406 0.579167 0.340625 0.578125 0.339844 0.577083 0.339844 0.575000 0.339844 0.572917 0.339844 0.570833 0.340625 0.569792 0.341406 0.568750 0.341406 0.566667 0.341406 0.564583 0.341406 0.562500 0.340625 0.561458 0.339844 0.560417 0.339844 0.558333 0.339844 0.556250 0.339062 0.555208 0.338281 0.554167 0.338281 0.552083 0.337500 0.551042 0.336719 0.550000 0.336719 0.547917 0.336719 0.545833 0.336719 0.543750 0.337500 0.542708 0.338281 0.541667 0.338281 0.539583 0.339062 0.538542 0.339844 0.537500 0.339844 0.535417 0.340625 0.534375 0.341406 0.533333 0.341406 0.531250 0.341406 0.529167 0.341406 0.527083 0.342187 0.526042 0.342969 0.525000 0.343750 0.523958 0.345313 0.523958 0.346875 0.523958 0.347656 0.525000 0.348438 0.526042 0.349219 0.527083 0.349219 0.529167 0.349219 0.531250 0.349219 0.533333 0.349219 0.535417 0.350000 0.536458 0.350781 0.537500 0.350781 0.539583 0.351562 0.540625 0.352344 0.541667 0.352344 0.543750 0.352344 0.545833 0.352344 0.547917 0.351562 0.548958 0.350781 0.550000 0.350781 0.552083 0.350781 0.554167 0.350781 0.556250 0.350781 0.558333 0.350781 0.560417 0.350781 0.562500 0.350781 0.564583 0.350781 0.566667 0.350781 0.568750 0.350000 0.569792 0.349219 0.570833 0.349219 0.572917 0.349219 0.575000 0.350000 0.576042 0.350781 0.577083 0.350000 0.578125 0.349219 0.579167 0.349219 0.581250 0.348438 0.582292
1 0.800000 0.553125 0.798438 0.553125 0.796875 0.553125 0.795312 0.553125 0.793750 0.553125 0.792188 0.553125 0.791406 0.552083 0.790625 0.551042 0.789844 0.550000 0.789844 0.547917 0.789844 0.545833 0.789844 0.543750 0.789844 0.541667 0.789844 0.539583 0.789844 0.537500 0.789844 0.535417 0.790625 0.534375 0.791406 0.533333 0.791406 0.531250 0.791406 0.529167 0.792188 0.528125 0.792969 0.527083 0.792969 0.525000 0.793750 0.523958 0.794531 0.522917 0.794531 0.520833 0.794531 0.518750 0.794531 0.516667 0.795312 0.515625 0.796094 0.514583 0.796875 0.513542 0.798438 0.513542 0.800000 0.513542 0.800781 0.514583 0.801562 0.515625 0.802344 0.516667 0.802344 0.518750 0.803125 0.519792 0.803906 0.520833 0.803906 0.522917 0.803906 0.525000 0.803906 0.527083 0.803906 0.529167 0.803906 0.531250 0.803906 0.533333 0.803906 0.535417 0.803906 0.537500 0.803906 0.539583 0.804688 0.540625 0.805469 0.541667 0.805469 0.543750 0.805469 0.545833 0.804688 0.546875 0.803906 0.547917 0.803125 0.548958 0.802344 0.550000 0.801562 0.551042 0.800781 0.552083 0.800000 0.553125
1 0.406250 0.582292 0.405469 0.581250 0.404687 0.580208 0.403906 0.579167 0.403125 0.578125 0.402344 0.577083 0.402344 0.575000 0.401562 0.573958 0.400781 0.575000 0.400000 0.576042 0.398438 0.576042 0.397656 0.577083 0.396875 0.578125 0.396094 0.579167 0.395313 0.580208 0.394531 0.581250 0.393750 0.582292 0.392188 0.582292 0.390625 0.582292 0.389844 0.581250 0.389844 0.579167 0.389844 0.577083 0.390625 0.576042 0.391406 0.575000 0.392188 0.573958 0.392969 0.572917 0.392969 0.570833 0.393750 0.569792 0.394531 0.568750 0.395313 0.567708 0.396094 0.566667 0.396094 0.564583 0.396094 0.562500 0.396875 0.561458 0.397656 0.560417 0.397656 0.558333 0.397656 0.556250 0.397656 0.554167 0.397656 0.552083 0.397656 0.550000 0.397656 0.547917 0.397656 0.545833 0.397656 0.543750 0.397656 0.541667 0.397656 0.539583 0.397656 0.537500 0.397656 0.535417 0.398438 0.534375 0.399219 0.533333 0.400000 0.532292 0.401562 0.532292 0.402344 0.531250 0.403125 0.530208 0.404687 0.530208 0.406250 0.530208 0.407031 0.531250 0.407813 0.532292 0.408594 0.533333 0.409375 0.534375 0.410156 0.535417 0.410156 0.537500 0.410938 0.538542 0.411719 0.539583 0.411719 0.541667 0.411719 0.543750 0.411719 0.545833 0.411719 0.547917 0.410938 0.548958 0.410156 0.550000 0.410156 0.552083 0.410156 0.554167 0.410156 0.556250 0.410156 0.558333 0.410156 0.560417 0.410156 0.562500 0.410156 0.564583 0.410156 0.566667 0.410156 0.568750 0.410156 0.570833 0.409375 0.571875 0.408594 0.572917 0.409375 0.573958 0.410156 0.575000 0.410156 0.577083 0.410156 0.579167 0.409375 0.580208 0.407813 0.580208 0.407031 0.581250 0.406250 0.582292
43 0.479687 0.667708 0.478125 0.667708 0.476562 0.667708 0.475781 0.666667 0.475000 0.665625 0.473438 0.665625 0.471875 0.665625 0.471094 0.664583 0.470313 0.663542 0.469531 0.662500 0.469531 0.660417 0.469531 0.658333 0.469531 0.656250 0.468750 0.655208 0.467969 0.654167 0.467969 0.652083 0.467969 0.650000 0.467187 0.648958 0.466406 0.647917 0.466406 0.645833 0.466406 0.643750 0.465625 0.642708 0.464844 0.641667 0.464844 0.639583 0.464844 0.637500 0.464844 0.635417 0.464844 0.633333 0.464844 0.631250 0.464844 0.629167 0.464844 0.627083 0.464844 0.625000 0.464844 0.622917 0.464844 0.620833 0.465625 0.619792 0.467187 0.619792 0.467969 0.620833 0.468750 0.621875 0.469531 0.622917 0.469531 0.625000 0.470313 0.626042 0.471094 0.627083 0.471094 0.629167 0.471875 0.630208 0.472656 0.631250 0.472656 0.633333 0.473438 0.634375 0.474219 0.635417 0.474219 0.637500 0.475000 0.638542 0.475781 0.639583 0.476562 0.640625 0.477344 0.641667 0.477344 0.643750 0.478125 0.644792 0.478906 0.645833 0.479687 0.646875 0.480469 0.647917 0.480469 0.650000 0.480469 0.652083 0.481250 0.653125 0.482031 0.654167 0.482031 0.656250 0.482031 0.658333 0.482031 0.660417 0.482031 0.662500 0.482031 0.664583 0.481250 0.665625 0.480469 0.666667 0.479687 0.667708
43 0.479687 0.665625 0.478125 0.665625 0.476562 0.665625 0.475000 0.665625 0.473438 0.665625 0.471875 0.665625 0.471094 0.664583 0.471094 0.662500 0.471094 0.660417 0.470313 0.659375 0.469531 0.658333 0.469531 0.656250 0.469531 0.654167 0.468750 0.653125 0.467969 0.652083 0.467187 0.651042 0.466406 0.650000 0.466406 0.647917 0.465625 0.646875 0.464844 0.645833 0.464844 0.643750 0.464844 0.641667 0.464062 0.640625 0.463281 0.639583 0.463281 0.637500 0.463281 0.635417 0.463281 0.633333 0.463281 0.631250 0.463281 0.629167 0.463281 0.627083 0.462500 0.626042 0.461719 0.625000 0.461719 0.622917 0.460938 0.621875 0.460156 0.620833 0.459375 0.619792 0.458594 0.618750 0.458594 0.616667 0.458594 0.614583 0.458594 0.612500 0.458594 0.610417 0.459375 0.609375 0.460938 0.609375 0.461719 0.610417 0.462500 0.611458 0.463281 0.612500 0.464062 0.613542 0.464844 0.614583 0.465625 0.615625 0.466406 0.616667 0.467187 0.617708 0.467969 0.618750 0.467969 0.620833 0.468750 0.621875 0.469531 0.622917 0.470313 0.623958 0.471094 0.625000 0.471094 0.627083 0.471875 0.628125 0.472656 0.629167 0.472656 0.631250 0.472656 0.633333 0.473438 0.634375 0.474219 0.635417 0.474219 0.637500 0.475000 0.638542 0.475781 0.639583 0.475781 0.641667 0.476562 0.642708 0.477344 0.643750 0.477344 0.645833 0.478125 0.646875 0.478906 0.647917 0.478906 0.650000 0.479687 0.651042 0.480469 0.652083 0.480469 0.654167 0.480469 0.656250 0.480469 0.658333 0.480469 0.660417 0.480469 0.662500 0.480469 0.664583 0.479687 0.665625
1 0.227344 0.997917 0.226562 0.996875 0.225000 0.996875 0.223438 0.996875 0.221875 0.996875 0.220312 0.996875 0.219531 0.995833 0.218750 0.994792 0.217969 0.993750 0.217969 0.991667 0.217188 0.990625 0.216406 0.989583 0.216406 0.987500 0.216406 0.985417 0.216406 0.983333 0.216406 0.981250 0.216406 0.979167 0.216406 0.977083 0.216406 0.975000 0.215625 0.973958 0.214844 0.972917 0.214844 0.970833 0.214844 0.968750 0.214844 0.966667 0.214844 0.964583 0.214844 0.962500 0.214844 0.960417 0.214844 0.958333 0.214844 0.956250 0.214844 0.954167 0.214844 0.952083 0.214844 0.950000 0.214062 0.948958 0.213281 0.947917 0.213281 0.945833 0.213281 0.943750 0.214062 0.942708 0.214844 0.941667 0.214062 0.940625 0.213281 0.939583 0.213281 0.937500 0.213281 0.935417 0.214062 0.934375 0.214844 0.933333 0.214844 0.931250 0.214844 0.929167 0.214844 0.927083 0.214844 0.925000 0.214844 0.922917 0.214844 0.920833 0.214844 0.918750 0.214844 0.916667 0.215625 0.915625 0.216406 0.914583 0.216406 0.912500 0.216406 0.910417 0.217188 0.909375 0.217969 0.908333 0.217969 0.906250 0.218750 0.905208 0.219531 0.904167 0.219531 0.902083 0.220312 0.901042 0.221094 0.900000 0.221875 0.898958 0.222656 0.897917 0.223438 0.896875 0.225000 0.896875 0.225781 0.895833 0.226562 0.894792 0.228125 0.894792 0.228906 0.893750 0.229687 0.892708 0.230469 0.891667 0.231250 0.890625 0.232031 0.889583 0.232813 0.888542 0.233594 0.887500 0.234375 0.886458 0.235156 0.885417 0.235156 0.883333 0.235937 0.882292 0.236719 0.881250 0.236719 0.879167 0.236719 0.877083 0.236719 0.875000 0.236719 0.872917 0.237500 0.871875 0.238281 0.870833 0.238281 0.868750 0.238281 0.866667 0.238281 0.864583 0.238281 0.862500 0.238281 0.860417 0.238281 0.858333 0.238281 0.856250 0.239063 0.855208 0.239844 0.854167 0.239844 0.852083 0.239844 0.850000 0.239844 0.847917 0.239844 0.845833 0.240625 0.844792 0.241406 0.843750 0.241406 0.841667 0.242188 0.840625 0.242969 0.839583 0.243750 0.838542 0.244531 0.837500 0.245312 0.836458 0.246875 0.836458 0.247656 0.835417 0.248438 0.834375 0.250000 0.834375 0.250781 0.833333 0.251563 0.832292 0.253125 0.832292 0.254688 0.832292 0.256250 0.832292 0.257812 0.832292 0.259375 0.832292 0.260937 0.832292 0.261719 0.833333 0.262500 0.834375 0.264062 0.834375 0.265625 0.834375 0.266406 0.835417 0.267188 0.836458 0.268750 0.836458 0.270313 0.836458 0.271094 0.837500 0.271875 0.838542 0.273438 0.838542 0.274219 0.839583 0.275000 0.840625 0.276562 0.840625 0.277344 0.841667 0.278125 0.842708 0.278906 0.843750 0.279687 0.844792 0.281250 0.844792 0.282031 0.845833 0.282813 0.846875 0.283594 0.847917 0.284375 0.848958 0.285156 0.850000 0.285938 0.851042 0.286719 0.852083 0.286719 0.854167 0.287500 0.855208 0.288281 0.856250 0.289062 0.857292 0.289844 0.858333 0.290625 0.859375 0.291406 0.860417 0.292187 0.861458 0.292969 0.862500 0.293750 0.863542 0.294531 0.864583 0.294531 0.866667 0.295312 0.867708 0.296094 0.868750 0.296875 0.869792 0.297656 0.870833 0.298438 0.871875 0.299219 0.872917 0.300000 0.873958 0.300781 0.875000 0.301563 0.876042 0.302344 0.877083 0.303125 0.878125 0.303906 0.879167 0.303906 0.881250 0.304688 0.882292 0.305469 0.883333 0.306250 0.884375 0.307031 0.885417 0.307812 0.886458 0.308594 0.887500 0.308594 0.889583 0.309375 0.890625 0.310156 0.891667 0.310937 0.892708 0.311719 0.893750 0.311719 0.895833 0.312500 0.896875 0.313281 0.897917 0.314063 0.898958 0.314844 0.900000 0.315625 0.901042 0.316406 0.902083 0.316406 0.904167 0.317188 0.905208 0.317969 0.906250 0.318750 0.907292 0.319531 0.908333 0.319531 0.910417 0.320312 0.911458 0.321094 0.912500 0.321094 0.914583 0.321094 0.916667 0.321094 0.918750 0.321094 0.920833 0.321094 0.922917 0.321094 0.925000 0.320312 0.926042 0.319531 0.927083 0.319531 0.929167 0.318750 0.930208 0.317969 0.931250 0.317969 0.933333 0.317188 0.934375 0.316406 0.935417 0.315625 0.936458 0.314063 0.936458 0.313281 0.937500 0.312500 0.938542 0.311719 0.939583 0.310937 0.940625 0.309375 0.940625 0.308594 0.941667 0.307812 0.942708 0.306250 0.942708 0.305469 0.943750 0.304688 0.944792 0.303125 0.944792 0.302344 0.945833 0.301563 0.946875 0.300781 0.947917 0.300781 0.950000 0.300781 0.952083 0.300781 0.954167 0.300781 0.956250 0.300781 0.958333 0.300781 0.960417 0.300781 0.962500 0.300781 0.964583 0.301563 0.965625 0.302344 0.966667 0.302344 0.968750 0.302344 0.970833 0.303125 0.971875 0.303906 0.972917 0.303906 0.975000 0.303906 0.977083 0.303906 0.979167 0.304688 0.980208 0.305469 0.981250 0.305469 0.983333 0.305469 0.985417 0.306250 0.986458 0.307031 0.987500 0.307031 0.989583 0.307031 0.991667 0.307031 0.993750 0.307031 0.995833 0.306250 0.996875 0.304688 0.996875 0.303125 0.996875 0.302344 0.997917
2 0.084375 0.594792 0.082812 0.594792 0.081250 0.594792 0.079687 0.594792 0.078125 0.594792 0.077344 0.593750 0.077344 0.591667 0.077344 0.589583 0.076563 0.588542 0.075781 0.587500 0.075781 0.585417 0.076563 0.584375 0.077344 0.583333 0.077344 0.581250 0.077344 0.579167 0.077344 0.577083 0.078125 0.576042 0.078906 0.575000 0.079687 0.573958 0.080469 0.572917 0.081250 0.571875 0.082031 0.570833 0.082812 0.569792 0.083594 0.568750 0.083594 0.566667 0.084375 0.565625 0.085156 0.564583 0.085938 0.563542 0.086719 0.562500 0.087500 0.561458 0.088281 0.560417 0.089063 0.559375 0.090625 0.559375 0.092188 0.559375 0.093750 0.559375 0.095312 0.559375 0.096875 0.559375 0.098437 0.559375 0.100000 0.559375 0.101562 0.559375 0.102344 0.560417 0.103125 0.561458 0.103906 0.562500 0.104688 0.563542 0.105469 0.564583 0.106250 0.565625 0.107813 0.565625 0.108594 0.566667 0.109375 0.567708 0.110156 0.568750 0.110937 0.569792 0.111719 0.570833 0.112500 0.571875 0.113281 0.572917 0.113281 0.575000 0.114062 0.576042 0.114844 0.577083 0.114844 0.579167 0.114844 0.581250 0.114844 0.583333 0.114844 0.585417 0.114844 0.587500 0.114062 0.588542 0.112500 0.588542 0.110937 0.588542 0.109375 0.588542 0.107813 0.588542 0.107031 0.587500 0.106250 0.586458 0.104688 0.586458 0.103125 0.586458 0.102344 0.587500 0.101562 0.588542 0.100781 0.587500 0.100000 0.586458 0.099219 0.587500 0.098437 0.588542 0.096875 0.588542 0.095312 0.588542 0.094531 0.589583 0.093750 0.590625 0.092188 0.590625 0.091406 0.591667 0.090625 0.592708 0.089063 0.592708 0.087500 0.592708 0.085938 0.592708 0.085156 0.593750 0.084375 0.594792
43 0.173437 0.657292 0.172656 0.656250 0.172656 0.654167 0.172656 0.652083 0.172656 0.650000 0.172656 0.647917 0.172656 0.645833 0.171875 0.644792 0.171094 0.643750 0.171094 0.641667 0.171094 0.639583 0.171094 0.637500 0.171094 0.635417 0.171094 0.633333 0.171094 0.631250 0.171094 0.629167 0.171875 0.628125 0.173437 0.628125 0.175000 0.628125 0.176563 0.628125 0.178125 0.628125 0.178906 0.627083 0.179688 0.626042 0.181250 0.626042 0.182031 0.625000 0.182812 0.623958 0.184375 0.623958 0.185938 0.623958 0.187500 0.623958 0.189062 0.623958 0.190625 0.623958 0.191406 0.622917 0.192188 0.621875 0.193750 0.621875 0.195312 0.621875 0.196094 0.620833 0.196875 0.619792 0.198437 0.619792 0.200000 0.619792 0.201563 0.619792 0.203125 0.619792 0.203906 0.620833 0.203906 0.622917 0.203906 0.625000 0.204687 0.626042 0.205469 0.627083 0.205469 0.629167 0.204687 0.630208 0.203906 0.631250 0.203906 0.633333 0.203906 0.635417 0.203125 0.636458 0.201563 0.636458 0.200000 0.636458 0.199219 0.637500 0.198437 0.638542 0.196875 0.638542 0.196094 0.639583 0.195312 0.640625 0.193750 0.640625 0.192188 0.640625 0.191406 0.641667 0.190625 0.642708 0.189062 0.642708 0.188281 0.643750 0.187500 0.644792 0.185938 0.644792 0.185156 0.645833 0.184375 0.646875 0.182812 0.646875 0.182031 0.647917 0.181250 0.648958 0.179688 0.648958 0.178906 0.650000 0.178125 0.651042 0.177344 0.652083 0.176563 0.653125 0.175781 0.654167 0.175000 0.655208 0.174219 0.656250 0.173437 0.657292
1 0.612500 0.576042 0.611719 0.575000 0.611719 0.572917 0.611719 0.570833 0.611719 0.568750 0.611719 0.566667 0.611719 0.564583 0.612500 0.563542 0.613281 0.562500 0.613281 0.560417 0.614062 0.559375 0.614844 0.558333 0.614844 0.556250 0.614062 0.555208 0.613281 0.554167 0.613281 0.552083 0.612500 0.551042 0.611719 0.550000 0.611719 0.547917 0.611719 0.545833 0.611719 0.543750 0.612500 0.542708 0.613281 0.541667 0.613281 0.539583 0.614062 0.538542 0.614844 0.537500 0.614844 0.535417 0.615625 0.534375 0.616406 0.533333 0.617188 0.532292 0.618750 0.532292 0.619531 0.533333 0.619531 0.535417 0.620313 0.536458 0.621094 0.537500 0.621094 0.539583 0.621094 0.541667 0.621875 0.542708 0.622656 0.543750 0.622656 0.545833 0.622656 0.547917 0.622656 0.550000 0.622656 0.552083 0.622656 0.554167 0.621875 0.555208 0.621094 0.556250 0.621094 0.558333 0.621875 0.559375 0.622656 0.560417 0.622656 0.562500 0.623437 0.563542 0.624219 0.564583 0.624219 0.566667 0.625000 0.567708 0.625781 0.568750 0.625781 0.570833 0.625781 0.572917 0.625000 0.573958 0.623437 0.573958 0.621875 0.573958 0.621094 0.572917 0.620313 0.571875 0.618750 0.571875 0.617188 0.571875 0.616406 0.572917 0.615625 0.573958 0.614062 0.573958 0.613281 0.575000 0.612500 0.576042
43 0.475000 0.648958 0.473438 0.648958 0.471875 0.648958 0.470313 0.648958 0.468750 0.648958 0.467187 0.648958 0.466406 0.647917 0.465625 0.646875 0.464844 0.645833 0.464844 0.643750 0.464062 0.642708 0.463281 0.641667 0.463281 0.639583 0.463281 0.637500 0.463281 0.635417 0.463281 0.633333 0.463281 0.631250 0.463281 0.629167 0.462500 0.628125 0.461719 0.627083 0.461719 0.625000 0.461719 0.622917 0.460938 0.621875 0.460156 0.620833 0.460156 0.618750 0.460156 0.616667 0.460156 0.614583 0.460938 0.613542 0.461719 0.614583 0.462500 0.615625 0.464062 0.615625 0.464844 0.616667 0.465625 0.617708 0.466406 0.618750 0.467187 0.619792 0.467969 0.620833 0.468750 0.621875 0.469531 0.622917 0.469531 0.625000 0.470313 0.626042 0.471094 0.627083 0.471094 0.629167 0.471875 0.630208 0.472656 0.631250 0.472656 0.633333 0.472656 0.635417 0.473438 0.636458 0.474219 0.637500 0.474219 0.639583 0.475000 0.640625 0.475781 0.641667 0.475781 0.643750 0.475781 0.645833 0.475781 0.647917 0.475000 0.648958
43 0.175000 0.655208 0.173437 0.655208 0.172656 0.654167 0.172656 0.652083 0.172656 0.650000 0.172656 0.647917 0.171875 0.646875 0.171094 0.645833 0.171094 0.643750 0.171094 0.641667 0.171094 0.639583 0.171094 0.637500 0.171094 0.635417 0.171875 0.634375 0.172656 0.633333 0.172656 0.631250 0.173437 0.630208 0.175000 0.630208 0.176563 0.630208 0.178125 0.630208 0.178906 0.629167 0.179688 0.628125 0.181250 0.628125 0.182812 0.628125 0.184375 0.628125 0.185938 0.628125 0.186719 0.627083 0.187500 0.626042 0.189062 0.626042 0.189844 0.625000 0.190625 0.623958 0.192188 0.623958 0.192969 0.622917 0.193750 0.621875 0.195312 0.621875 0.196875 0.621875 0.197656 0.620833 0.198437 0.619792 0.200000 0.619792 0.201563 0.619792 0.202344 0.620833 0.203125 0.621875 0.203906 0.622917 0.204687 0.623958 0.205469 0.625000 0.205469 0.627083 0.205469 0.629167 0.205469 0.631250 0.204687 0.632292 0.203906 0.633333 0.203125 0.634375 0.202344 0.635417 0.201563 0.636458 0.200781 0.637500 0.200000 0.638542 0.198437 0.638542 0.196875 0.638542 0.195312 0.638542 0.194531 0.639583 0.193750 0.640625 0.192188 0.640625 0.191406 0.641667 0.190625 0.642708 0.189062 0.642708 0.188281 0.643750 0.187500 0.644792 0.185938 0.644792 0.185156 0.645833 0.184375 0.646875 0.182812 0.646875 0.181250 0.646875 0.180469 0.647917 0.179688 0.648958 0.178125 0.648958 0.177344 0.650000 0.177344 0.652083 0.176563 0.653125 0.175781 0.654167 0.175000 0.655208
43 0.145313 0.603125 0.143750 0.603125 0.142187 0.603125 0.140625 0.603125 0.139063 0.603125 0.137500 0.603125 0.136719 0.602083 0.136719 0.600000 0.135937 0.598958 0.135156 0.597917 0.134375 0.596875 0.133594 0.595833 0.132812 0.594792 0.132031 0.593750 0.132031 0.591667 0.132031 0.589583 0.132031 0.587500 0.132031 0.585417 0.132031 0.583333 0.132812 0.582292 0.133594 0.581250 0.134375 0.580208 0.135937 0.580208 0.137500 0.580208 0.139063 0.580208 0.140625 0.580208 0.142187 0.580208 0.143750 0.580208 0.145313 0.580208 0.146875 0.580208 0.147656 0.581250 0.148438 0.582292 0.149219 0.583333 0.149219 0.585417 0.149219 0.587500 0.148438 0.588542 0.147656 0.589583 0.147656 0.591667 0.147656 0.593750 0.147656 0.595833 0.147656 0.597917 0.147656 0.600000 0.146875 0.601042 0.146094 0.602083 0.145313 0.603125
