18 0.854688 0.746394 0.853906 0.745192 0.853125 0.743990 0.851562 0.743990 0.850781 0.742788 0.850781 0.740385 0.850000 0.739183 0.849219 0.737981 0.848437 0.736779 0.847656 0.735577 0.847656 0.733173 0.848437 0.731971 0.849219 0.730769 0.848437 0.729567 0.847656 0.730769 0.846875 0.731971 0.846094 0.733173 0.845313 0.734375 0.843750 0.734375 0.842969 0.733173 0.842969 0.730769 0.842969 0.728365 0.842969 0.725962 0.842969 0.723558 0.843750 0.722356 0.844531 0.721154 0.845313 0.719952 0.846094 0.718750 0.846875 0.717548 0.847656 0.716346 0.848437 0.715144 0.849219 0.713942 0.849219 0.711538 0.850000 0.710337 0.851562 0.710337 0.853125 0.710337 0.854688 0.710337 0.856250 0.710337 0.857031 0.711538 0.857812 0.712740 0.859375 0.712740 0.860938 0.712740 0.862500 0.712740 0.864062 0.712740 0.864844 0.713942 0.865625 0.715144 0.867188 0.715144 0.868750 0.715144 0.870313 0.715144 0.871875 0.715144 0.873437 0.715144 0.874219 0.713942 0.875000 0.712740 0.875781 0.713942 0.876563 0.715144 0.877344 0.716346 0.878125 0.717548 0.878906 0.718750 0.878906 0.721154 0.878906 0.723558 0.878125 0.724760 0.876563 0.724760 0.875000 0.724760 0.873437 0.724760 0.871875 0.724760 0.871094 0.725962 0.870313 0.727163 0.869531 0.728365 0.869531 0.730769 0.869531 0.733173 0.870313 0.734375 0.871094 0.735577 0.871875 0.736779 0.872656 0.737981 0.872656 0.740385 0.871875 0.741587 0.870313 0.741587 0.869531 0.740385 0.868750 0.739183 0.867188 0.739183 0.866406 0.740385 0.865625 0.741587 0.864062 0.741587 0.863281 0.740385 0.863281 0.737981 0.862500 0.736779 0.861719 0.735577 0.861719 0.733173 0.860938 0.731971 0.860156 0.730769 0.859375 0.729567 0.858594 0.728365 0.857812 0.727163 0.856250 0.727163 0.854688 0.727163 0.853906 0.728365 0.853906 0.730769 0.853906 0.733173 0.853906 0.735577 0.853906 0.737981 0.853906 0.740385 0.854688 0.741587 0.855469 0.742788 0.855469 0.745192 0.854688 0.746394
1 0.821875 0.734375 0.821094 0.733173 0.820312 0.731971 0.819531 0.730769 0.819531 0.728365 0.819531 0.725962 0.819531 0.723558 0.818750 0.722356 0.817969 0.721154 0.817969 0.718750 0.817969 0.716346 0.817187 0.715144 0.816406 0.713942 0.816406 0.711538 0.816406 0.709135 0.815625 0.707933 0.814844 0.706731 0.814063 0.705529 0.812500 0.705529 0.811719 0.706731 0.810937 0.707933 0.810156 0.709135 0.810156 0.711538 0.810156 0.713942 0.810156 0.716346 0.809375 0.717548 0.808594 0.718750 0.807813 0.719952 0.807031 0.721154 0.806250 0.722356 0.805469 0.721154 0.804688 0.719952 0.803906 0.718750 0.803906 0.716346 0.804688 0.715144 0.805469 0.713942 0.805469 0.711538 0.805469 0.709135 0.806250 0.707933 0.807031 0.706731 0.807031 0.704327 0.807031 0.701923 0.807031 0.699519 0.807031 0.697115 0.807031 0.694712 0.807031 0.692308 0.807031 0.689904 0.807031 0.687500 0.807031 0.685096 0.807031 0.682692 0.807031 0.680288 0.807031 0.677885 0.807813 0.676683 0.808594 0.675481 0.808594 0.673077 0.809375 0.671875 0.810156 0.670673 0.810937 0.669471 0.811719 0.668269 0.812500 0.667067 0.813281 0.665865 0.814063 0.664663 0.814844 0.663462 0.814844 0.661058 0.814844 0.658654 0.814844 0.656250 0.814844 0.653846 0.815625 0.652644 0.817187 0.652644 0.818750 0.652644 0.820312 0.652644 0.821094 0.653846 0.821875 0.655048 0.822656 0.656250 0.823438 0.657452 0.824219 0.658654 0.824219 0.661058 0.824219 0.663462 0.824219 0.665865 0.824219 0.668269 0.824219 0.670673 0.825000 0.671875 0.825781 0.673077 0.825781 0.675481 0.825781 0.677885 0.825000 0.679087 0.824219 0.680288 0.823438 0.681490 0.822656 0.682692 0.822656 0.685096 0.822656 0.687500 0.821875 0.688702 0.821094 0.689904 0.821094 0.692308 0.821094 0.694712 0.821094 0.697115 0.821094 0.699519 0.821094 0.701923 0.821094 0.704327 0.821094 0.706731 0.821094 0.709135 0.821875 0.710337 0.822656 0.711538 0.822656 0.713942 0.822656 0.716346 0.822656 0.718750 0.822656 0.721154 0.823438 0.722356 0.824219 0.723558 0.825000 0.724760 0.825781 0.725962 0.825781 0.728365 0.825000 0.729567 0.824219 0.730769 0.823438 0.731971 0.822656 0.733173 0.821875 0.734375
1 0.957812 0.681490 0.956250 0.681490 0.954688 0.681490 0.953125 0.681490 0.951562 0.681490 0.950781 0.680288 0.950000 0.679087 0.948438 0.679087 0.946875 0.679087 0.945312 0.679087 0.944531 0.677885 0.943750 0.676683 0.942969 0.675481 0.942969 0.673077 0.942969 0.670673 0.942969 0.668269 0.942969 0.665865 0.942969 0.663462 0.942969 0.661058 0.942969 0.658654 0.942969 0.656250 0.943750 0.655048 0.944531 0.653846 0.944531 0.651442 0.945312 0.650240 0.946875 0.650240 0.948438 0.650240 0.950000 0.650240 0.950781 0.651442 0.951562 0.652644 0.952344 0.653846 0.952344 0.656250 0.952344 0.658654 0.953125 0.659856 0.954688 0.659856 0.955469 0.661058 0.956250 0.662260 0.957031 0.663462 0.957812 0.664663 0.958594 0.665865 0.958594 0.668269 0.958594 0.670673 0.958594 0.673077 0.958594 0.675481 0.958594 0.677885 0.958594 0.680288 0.957812 0.681490
1 0.940625 0.700721 0.939063 0.700721 0.938281 0.699519 0.937500 0.698317 0.935937 0.698317 0.935156 0.697115 0.934375 0.695913 0.932813 0.695913 0.932031 0.694712 0.931250 0.693510 0.929688 0.693510 0.928906 0.692308 0.928125 0.691106 0.927344 0.689904 0.926562 0.688702 0.925781 0.687500 0.925781 0.685096 0.925000 0.683894 0.924219 0.682692 0.924219 0.680288 0.924219 0.677885 0.923438 0.676683 0.922656 0.675481 0.922656 0.673077 0.922656 0.670673 0.921875 0.669471 0.920312 0.669471 0.919531 0.670673 0.918750 0.671875 0.917969 0.673077 0.917188 0.674279 0.916406 0.673077 0.916406 0.670673 0.916406 0.668269 0.917188 0.667067 0.917969 0.665865 0.917969 0.663462 0.918750 0.662260 0.919531 0.661058 0.919531 0.658654 0.920312 0.657452 0.921094 0.656250 0.921094 0.653846 0.921875 0.652644 0.923438 0.652644 0.924219 0.651442 0.925000 0.650240 0.925781 0.649038 0.926562 0.647837 0.928125 0.647837 0.929688 0.647837 0.930469 0.649038 0.931250 0.650240 0.932031 0.651442 0.932813 0.652644 0.933594 0.653846 0.934375 0.655048 0.935156 0.656250 0.935156 0.658654 0.935156 0.661058 0.935156 0.663462 0.935156 0.665865 0.935937 0.667067 0.936719 0.668269 0.936719 0.670673 0.936719 0.673077 0.936719 0.675481 0.936719 0.677885 0.937500 0.679087 0.938281 0.680288 0.938281 0.682692 0.938281 0.685096 0.939063 0.686298 0.939844 0.687500 0.939844 0.689904 0.940625 0.691106 0.941406 0.692308 0.941406 0.694712 0.941406 0.697115 0.941406 0.699519 0.940625 0.700721
15 0.637500 0.681490 0.635938 0.681490 0.634375 0.681490 0.633594 0.680288 0.632812 0.679087 0.631250 0.679087 0.630469 0.677885 0.629687 0.676683 0.628125 0.676683 0.626563 0.676683 0.625781 0.675481 0.625000 0.674279 0.623437 0.674279 0.621875 0.674279 0.620313 0.674279 0.618750 0.674279 0.617188 0.674279 0.615625 0.674279 0.614062 0.674279 0.613281 0.673077 0.612500 0.671875 0.610938 0.671875 0.609375 0.671875 0.607812 0.671875 0.606250 0.671875 0.605469 0.670673 0.604688 0.669471 0.603125 0.669471 0.601562 0.669471 0.600000 0.669471 0.598437 0.669471 0.597656 0.668269 0.596875 0.667067 0.596094 0.668269 0.595313 0.669471 0.593750 0.669471 0.592187 0.669471 0.590625 0.669471 0.589844 0.670673 0.589063 0.671875 0.588281 0.670673 0.588281 0.668269 0.588281 0.665865 0.587500 0.664663 0.586719 0.663462 0.586719 0.661058 0.587500 0.659856 0.588281 0.658654 0.588281 0.656250 0.588281 0.653846 0.588281 0.651442 0.589063 0.650240 0.589844 0.649038 0.589844 0.646635 0.589844 0.644231 0.589844 0.641827 0.589063 0.640625 0.588281 0.639423 0.588281 0.637019 0.588281 0.634615 0.589063 0.633413 0.589844 0.632212 0.590625 0.631010 0.592187 0.631010 0.593750 0.631010 0.595313 0.631010 0.596094 0.632212 0.596875 0.633413 0.598437 0.633413 0.600000 0.633413 0.601562 0.633413 0.602344 0.634615 0.603125 0.635817 0.604688 0.635817 0.606250 0.635817 0.607812 0.635817 0.608594 0.637019 0.609375 0.638221 0.610938 0.638221 0.612500 0.638221 0.614062 0.638221 0.614844 0.639423 0.615625 0.640625 0.617188 0.640625 0.618750 0.640625 0.620313 0.640625 0.621094 0.641827 0.621875 0.643029 0.623437 0.643029 0.625000 0.643029 0.626563 0.643029 0.627344 0.644231 0.628125 0.645433 0.629687 0.645433 0.631250 0.645433 0.632812 0.645433 0.633594 0.646635 0.634375 0.647837 0.635938 0.647837 0.637500 0.647837 0.639062 0.647837 0.640625 0.647837 0.641406 0.649038 0.641406 0.651442 0.642188 0.652644 0.642969 0.653846 0.642969 0.656250 0.642188 0.657452 0.641406 0.658654 0.641406 0.661058 0.641406 0.663462 0.641406 0.665865 0.641406 0.668269 0.641406 0.670673 0.641406 0.673077 0.640625 0.674279 0.639844 0.675481 0.639844 0.677885 0.639062 0.679087 0.638281 0.680288 0.637500 0.681490
1 0.864062 0.631010 0.862500 0.631010 0.861719 0.629808 0.860938 0.628606 0.860156 0.627404 0.859375 0.626202 0.858594 0.625000 0.857812 0.623798 0.857031 0.622596 0.856250 0.621394 0.855469 0.620192 0.854688 0.618990 0.853906 0.617788 0.853906 0.615385 0.853906 0.612981 0.853906 0.610577 0.854688 0.609375 0.855469 0.608173 0.855469 0.605769 0.855469 0.603365 0.855469 0.600962 0.856250 0.599760 0.857031 0.598558 0.857812 0.597356 0.859375 0.597356 0.860938 0.597356 0.861719 0.598558 0.861719 0.600962 0.861719 0.603365 0.861719 0.605769 0.861719 0.608173 0.861719 0.610577 0.861719 0.612981 0.861719 0.615385 0.861719 0.617788 0.862500 0.618990 0.863281 0.620192 0.863281 0.622596 0.864062 0.623798 0.864844 0.625000 0.864844 0.627404 0.864844 0.629808 0.864062 0.631010
1 0.484375 0.513221 0.482812 0.513221 0.481250 0.513221 0.480469 0.512019 0.481250 0.510817 0.482031 0.509615 0.482031 0.507212 0.482812 0.506010 0.483594 0.504808 0.483594 0.502404 0.483594 0.500000 0.483594 0.497596 0.483594 0.495192 0.483594 0.492788 0.484375 0.491587 0.485938 0.491587 0.486719 0.492788 0.487500 0.493990 0.488281 0.495192 0.488281 0.497596 0.488281 0.500000 0.488281 0.502404 0.488281 0.504808 0.488281 0.507212 0.487500 0.508413 0.486719 0.509615 0.485938 0.510817 0.485156 0.512019 0.484375 0.513221
9 0.079687 0.246394 0.078125 0.246394 0.076563 0.246394 0.075000 0.246394 0.073438 0.246394 0.071875 0.246394 0.070312 0.246394 0.068750 0.246394 0.067187 0.246394 0.065625 0.246394 0.064062 0.246394 0.062500 0.246394 0.060937 0.246394 0.059375 0.246394 0.057813 0.246394 0.056250 0.246394 0.054688 0.246394 0.053125 0.246394 0.051562 0.246394 0.050000 0.246394 0.048438 0.246394 0.047656 0.245192 0.046875 0.243990 0.046094 0.242788 0.046094 0.240385 0.046094 0.237981 0.046094 0.235577 0.046094 0.233173 0.046094 0.230769 0.046094 0.228365 0.046094 0.225962 0.046094 0.223558 0.046875 0.222356 0.047656 0.221154 0.047656 0.218750 0.047656 0.216346 0.047656 0.213942 0.048438 0.212740 0.049219 0.211538 0.049219 0.209135 0.050000 0.207933 0.050781 0.206731 0.050781 0.204327 0.051562 0.203125 0.052344 0.201923 0.053125 0.200721 0.053906 0.199519 0.053906 0.197115 0.053906 0.194712 0.054688 0.193510 0.055469 0.192308 0.055469 0.189904 0.055469 0.187500 0.055469 0.185096 0.055469 0.182692 0.055469 0.180288 0.055469 0.177885 0.055469 0.175481 0.055469 0.173077 0.055469 0.170673 0.055469 0.168269 0.054688 0.167067 0.053906 0.165865 0.053906 0.163462 0.053906 0.161058 0.053906 0.158654 0.053906 0.156250 0.053906 0.153846 0.053906 0.151442 0.053125 0.150240 0.052344 0.149038 0.052344 0.146635 0.052344 0.144231 0.052344 0.141827 0.052344 0.139423 0.052344 0.137019 0.052344 0.134615 0.052344 0.132212 0.052344 0.129808 0.051562 0.128606 0.050781 0.127404 0.050781 0.125000 0.050781 0.122596 0.050781 0.120192 0.050781 0.117788 0.050000 0.116587 0.049219 0.115385 0.049219 0.112981 0.049219 0.110577 0.049219 0.108173 0.049219 0.105769 0.049219 0.103365 0.048438 0.102163 0.047656 0.100962 0.047656 0.098558 0.047656 0.096154 0.047656 0.093750 0.047656 0.091346 0.046875 0.090144 0.046094 0.088942 0.046094 0.086538 0.046094 0.084135 0.046094 0.081731 0.046094 0.079327 0.046094 0.076923 0.046094 0.074519 0.046094 0.072115 0.046875 0.070913 0.048438 0.070913 0.049219 0.072115 0.050000 0.073317 0.050781 0.074519 0.050781 0.076923 0.051562 0.078125 0.052344 0.079327 0.052344 0.081731 0.052344 0.084135 0.052344 0.086538 0.053125 0.087740 0.053906 0.088942 0.053906 0.091346 0.053906 0.093750 0.053906 0.096154 0.054688 0.097356 0.055469 0.098558 0.055469 0.100962 0.055469 0.103365 0.056250 0.104567 0.057031 0.105769 0.057031 0.108173 0.057031 0.110577 0.057031 0.112981 0.057031 0.115385 0.057813 0.116587 0.058594 0.117788 0.058594 0.120192 0.058594 0.122596 0.058594 0.125000 0.059375 0.126202 0.060156 0.127404 0.060156 0.129808 0.060156 0.132212 0.060937 0.133413 0.061719 0.134615 0.061719 0.137019 0.061719 0.139423 0.061719 0.141827 0.062500 0.143029 0.063281 0.144231 0.063281 0.146635 0.063281 0.149038 0.063281 0.151442 0.064062 0.152644 0.064844 0.153846 0.064844 0.156250 0.064844 0.158654 0.064844 0.161058 0.065625 0.162260 0.066406 0.163462 0.066406 0.165865 0.066406 0.168269 0.066406 0.170673 0.066406 0.173077 0.066406 0.175481 0.067187 0.176683 0.067969 0.177885 0.067969 0.180288 0.067969 0.182692 0.068750 0.183894 0.069531 0.185096 0.069531 0.187500 0.069531 0.189904 0.070312 0.191106 0.071094 0.192308 0.071094 0.194712 0.071875 0.195913 0.072656 0.197115 0.072656 0.199519 0.072656 0.201923 0.073438 0.203125 0.074219 0.204327 0.074219 0.206731 0.075000 0.207933 0.075781 0.209135 0.075781 0.211538 0.075781 0.213942 0.076563 0.215144 0.077344 0.216346 0.078125 0.217548 0.078906 0.218750 0.078906 0.221154 0.078906 0.223558 0.079687 0.224760 0.080469 0.225962 0.080469 0.228365 0.080469 0.230769 0.080469 0.233173 0.081250 0.234375 0.082031 0.235577 0.082031 0.237981 0.082031 0.240385 0.082031 0.242788 0.081250 0.243990 0.080469 0.245192 0.079687 0.246394
1 0.567187 0.530048 0.565625 0.530048 0.564844 0.528846 0.564844 0.526442 0.564844 0.524038 0.564844 0.521635 0.564844 0.519231 0.564844 0.516827 0.564844 0.514423 0.564844 0.512019 0.565625 0.510817 0.566406 0.509615 0.566406 0.507212 0.567187 0.506010 0.567969 0.504808 0.567969 0.502404 0.567969 0.500000 0.567969 0.497596 0.568750 0.496394 0.569531 0.495192 0.569531 0.492788 0.570312 0.491587 0.571875 0.491587 0.573438 0.491587 0.574219 0.492788 0.574219 0.495192 0.574219 0.497596 0.574219 0.500000 0.575000 0.501202 0.575781 0.502404 0.575781 0.504808 0.575781 0.507212 0.576562 0.508413 0.577344 0.509615 0.577344 0.512019 0.577344 0.514423 0.577344 0.516827 0.576562 0.518029 0.575000 0.518029 0.573438 0.518029 0.572656 0.519231 0.571875 0.520433 0.570312 0.520433 0.568750 0.520433 0.567969 0.521635 0.567969 0.524038 0.567969 0.526442 0.567969 0.528846 0.567187 0.530048
15 0.757812 0.753606 0.756250 0.753606 0.754687 0.753606 0.753906 0.752404 0.753125 0.751202 0.752344 0.750000 0.752344 0.747596 0.752344 0.745192 0.752344 0.742788 0.751563 0.741587 0.750781 0.740385 0.750000 0.739183 0.749219 0.737981 0.748437 0.736779 0.746875 0.736779 0.745313 0.736779 0.744531 0.735577 0.743750 0.734375 0.742188 0.734375 0.740625 0.734375 0.739062 0.734375 0.738281 0.733173 0.737500 0.731971 0.736719 0.730769 0.735938 0.729567 0.734375 0.729567 0.733594 0.728365 0.732812 0.727163 0.731250 0.727163 0.730469 0.725962 0.729688 0.724760 0.728125 0.724760 0.727344 0.723558 0.726562 0.722356 0.725000 0.722356 0.723437 0.722356 0.721875 0.722356 0.721094 0.721154 0.720313 0.719952 0.718750 0.719952 0.717187 0.719952 0.715625 0.719952 0.714063 0.719952 0.712500 0.719952 0.711719 0.721154 0.710938 0.722356 0.710156 0.723558 0.709375 0.724760 0.707812 0.724760 0.707031 0.725962 0.706250 0.727163 0.704688 0.727163 0.703906 0.725962 0.703125 0.724760 0.702344 0.723558 0.702344 0.721154 0.702344 0.718750 0.702344 0.716346 0.701562 0.715144 0.700781 0.713942 0.700781 0.711538 0.700000 0.710337 0.699219 0.709135 0.699219 0.706731 0.699219 0.704327 0.699219 0.701923 0.699219 0.699519 0.699219 0.697115 0.700000 0.695913 0.700781 0.694712 0.700781 0.692308 0.700781 0.689904 0.700781 0.687500 0.700781 0.685096 0.700781 0.682692 0.700781 0.680288 0.700781 0.677885 0.701562 0.676683 0.702344 0.675481 0.703125 0.674279 0.703906 0.673077 0.704688 0.671875 0.706250 0.671875 0.707812 0.671875 0.708594 0.673077 0.709375 0.674279 0.710938 0.674279 0.712500 0.674279 0.714063 0.674279 0.714844 0.675481 0.715625 0.676683 0.717187 0.676683 0.718750 0.676683 0.720313 0.676683 0.721094 0.677885 0.721875 0.679087 0.723437 0.679087 0.725000 0.679087 0.725781 0.680288 0.726562 0.681490 0.728125 0.681490 0.729688 0.681490 0.730469 0.682692 0.731250 0.683894 0.732812 0.683894 0.734375 0.683894 0.735938 0.683894 0.736719 0.685096 0.737500 0.686298 0.739062 0.686298 0.740625 0.686298 0.742188 0.686298 0.742969 0.687500 0.743750 0.688702 0.745313 0.688702 0.746875 0.688702 0.747656 0.689904 0.748437 0.691106 0.750000 0.691106 0.751563 0.691106 0.753125 0.691106 0.753906 0.692308 0.754687 0.693510 0.756250 0.693510 0.757812 0.693510 0.759375 0.693510 0.760156 0.694712 0.760156 0.697115 0.760938 0.698317 0.761719 0.699519 0.761719 0.701923 0.761719 0.704327 0.761719 0.706731 0.760938 0.707933 0.760156 0.709135 0.760156 0.711538 0.760156 0.713942 0.760156 0.716346 0.760156 0.718750 0.760156 0.721154 0.760156 0.723558 0.760156 0.725962 0.760156 0.728365 0.760156 0.730769 0.760156 0.733173 0.760156 0.735577 0.760156 0.737981 0.760156 0.740385 0.760156 0.742788 0.760156 0.745192 0.760156 0.747596 0.759375 0.748798 0.758594 0.750000 0.758594 0.752404 0.757812 0.753606
9 0.164062 0.243990 0.162500 0.243990 0.160938 0.243990 0.159375 0.243990 0.157812 0.243990 0.156250 0.243990 0.154688 0.243990 0.153125 0.243990 0.151562 0.243990 0.150000 0.243990 0.148438 0.243990 0.146875 0.243990 0.145313 0.243990 0.143750 0.243990 0.142187 0.243990 0.140625 0.243990 0.139063 0.243990 0.137500 0.243990 0.135937 0.243990 0.135156 0.242788 0.135156 0.240385 0.135156 0.237981 0.135156 0.235577 0.135156 0.233173 0.135156 0.230769 0.135937 0.229567 0.137500 0.229567 0.139063 0.229567 0.139844 0.228365 0.140625 0.227163 0.142187 0.227163 0.143750 0.227163 0.145313 0.227163 0.146875 0.227163 0.148438 0.227163 0.150000 0.227163 0.151562 0.227163 0.153125 0.227163 0.153906 0.228365 0.154688 0.229567 0.156250 0.229567 0.157812 0.229567 0.159375 0.229567 0.160938 0.229567 0.161719 0.230769 0.162500 0.231971 0.163281 0.233173 0.164062 0.234375 0.164844 0.235577 0.164844 0.237981 0.164844 0.240385 0.164844 0.242788 0.164062 0.243990
1 0.542188 0.510817 0.540625 0.510817 0.539062 0.510817 0.537500 0.510817 0.535937 0.510817 0.534375 0.510817 0.532813 0.510817 0.531250 0.510817 0.530469 0.509615 0.530469 0.507212 0.530469 0.504808 0.531250 0.503606 0.532031 0.502404 0.532813 0.501202 0.533594 0.500000 0.533594 0.497596 0.533594 0.495192 0.533594 0.492788 0.533594 0.490385 0.534375 0.489183 0.535156 0.487981 0.535156 0.485577 0.535156 0.483173 0.535937 0.481971 0.537500 0.481971 0.538281 0.483173 0.539062 0.484375 0.539844 0.485577 0.539844 0.487981 0.539844 0.490385 0.540625 0.491587 0.541406 0.492788 0.541406 0.495192 0.541406 0.497596 0.541406 0.500000 0.541406 0.502404 0.542188 0.503606 0.542969 0.504808 0.542969 0.507212 0.542969 0.509615 0.542188 0.510817
1 0.123438 0.503606 0.121875 0.503606 0.121094 0.502404 0.120313 0.501202 0.118750 0.501202 0.117188 0.501202 0.116406 0.500000 0.115625 0.498798 0.114844 0.497596 0.114844 0.495192 0.114844 0.492788 0.114844 0.490385 0.114844 0.487981 0.114844 0.485577 0.114844 0.483173 0.114844 0.480769 0.114844 0.478365 0.114844 0.475962 0.115625 0.474760 0.117188 0.474760 0.118750 0.474760 0.120313 0.474760 0.121094 0.473558 0.121875 0.472356 0.123438 0.472356 0.125000 0.472356 0.125781 0.473558 0.125781 0.475962 0.125781 0.478365 0.125781 0.480769 0.125781 0.483173 0.125781 0.485577 0.125781 0.487981 0.125781 0.490385 0.125781 0.492788 0.125781 0.495192 0.125781 0.497596 0.125781 0.500000 0.125000 0.501202 0.124219 0.502404 0.123438 0.503606
