6 0.528125 0.779206 0.526563 0.779206 0.525000 0.779206 0.523438 0.779206 0.521875 0.779206 0.520312 0.779206 0.518750 0.779206 0.517188 0.779206 0.515625 0.779206 0.514062 0.779206 0.512500 0.779206 0.510938 0.779206 0.509375 0.779206 0.507812 0.779206 0.506250 0.779206 0.504687 0.779206 0.503125 0.779206 0.501563 0.779206 0.500000 0.779206 0.498437 0.779206 0.496875 0.779206 0.495312 0.779206 0.493750 0.779206 0.492188 0.779206 0.491406 0.778037 0.490625 0.776869 0.489063 0.776869 0.487500 0.776869 0.485938 0.776869 0.484375 0.776869 0.482812 0.776869 0.481250 0.776869 0.479687 0.776869 0.478125 0.776869 0.477344 0.775701 0.476562 0.774533 0.475000 0.774533 0.473438 0.774533 0.471875 0.774533 0.471094 0.773364 0.470313 0.772196 0.468750 0.772196 0.467187 0.772196 0.466406 0.771028 0.465625 0.769860 0.464062 0.769860 0.462500 0.769860 0.460938 0.769860 0.460156 0.768692 0.459375 0.767523 0.457813 0.767523 0.456250 0.767523 0.454688 0.767523 0.453906 0.766355 0.453125 0.765187 0.451562 0.765187 0.450000 0.765187 0.448437 0.765187 0.447656 0.764019 0.446875 0.762850 0.445312 0.762850 0.443750 0.762850 0.442969 0.761682 0.442188 0.760514 0.440625 0.760514 0.439063 0.760514 0.437500 0.760514 0.436719 0.759346 0.435937 0.758178 0.434375 0.758178 0.432812 0.758178 0.432031 0.757009 0.431250 0.755841 0.429688 0.755841 0.428125 0.755841 0.427344 0.754673 0.426563 0.753505 0.425000 0.753505 0.424219 0.752336 0.423438 0.751168 0.421875 0.751168 0.420312 0.751168 0.419531 0.750000 0.418750 0.748832 0.417187 0.748832 0.415625 0.748832 0.414062 0.748832 0.413281 0.747664 0.412500 0.746495 0.410938 0.746495 0.409375 0.746495 0.407813 0.746495 0.407031 0.745327 0.406250 0.744159 0.404687 0.744159 0.403125 0.744159 0.401562 0.744159 0.400000 0.744159 0.398438 0.744159 0.396875 0.744159 0.395313 0.744159 0.393750 0.744159 0.392969 0.742991 0.392188 0.741822 0.390625 0.741822 0.389062 0.741822 0.387500 0.741822 0.385937 0.741822 0.384375 0.741822 0.382812 0.741822 0.381250 0.741822 0.379688 0.741822 0.378125 0.741822 0.376563 0.741822 0.375000 0.741822 0.373437 0.741822 0.371875 0.741822 0.370312 0.741822 0.368750 0.741822 0.367188 0.741822 0.365625 0.741822 0.364063 0.741822 0.362500 0.741822 0.360938 0.741822 0.359375 0.741822 0.357812 0.741822 0.356250 0.741822 0.354687 0.741822 0.353125 0.741822 0.351562 0.741822 0.350000 0.741822 0.348438 0.741822 0.346875 0.741822 0.345313 0.741822 0.344531 0.742991 0.343750 0.744159 0.342187 0.744159 0.340625 0.744159 0.339062 0.744159 0.337500 0.744159 0.335938 0.744159 0.334375 0.744159 0.332813 0.744159 0.331250 0.744159 0.329688 0.744159 0.328125 0.744159 0.327344 0.742991 0.326562 0.741822 0.325000 0.741822 0.323437 0.741822 0.321875 0.741822 0.320312 0.741822 0.318750 0.741822 0.317188 0.741822 0.315625 0.741822 0.314063 0.741822 0.312500 0.741822 0.310937 0.741822 0.310156 0.740654 0.309375 0.739486 0.307812 0.739486 0.306250 0.739486 0.304688 0.739486 0.303906 0.738318 0.303125 0.737150 0.301563 0.737150 0.300000 0.737150 0.298438 0.737150 0.297656 0.735981 0.296875 0.734813 0.295312 0.734813 0.293750 0.734813 0.292969 0.733645 0.292187 0.732477 0.290625 0.732477 0.289844 0.731308 0.289062 0.730140 0.287500 0.730140 0.285938 0.730140 0.284375 0.730140 0.283594 0.728972 0.282813 0.727804 0.281250 0.727804 0.279687 0.727804 0.278906 0.726636 0.278125 0.725467 0.276562 0.725467 0.275000 0.725467 0.273438 0.725467 0.271875 0.725467 0.271094 0.724299 0.270313 0.723131 0.268750 0.723131 0.267188 0.723131 0.265625 0.723131 0.264062 0.723131 0.262500 0.723131 0.261719 0.721963 0.260937 0.720794 0.259375 0.720794 0.257812 0.720794 0.256250 0.720794 0.254688 0.720794 0.253906 0.719626 0.253125 0.718458 0.251563 0.718458 0.250000 0.718458 0.248438 0.718458 0.246875 0.718458 0.246094 0.717290 0.245312 0.716121 0.243750 0.716121 0.242969 0.714953 0.242188 0.713785 0.240625 0.713785 0.239844 0.712617 0.239063 0.711449 0.238281 0.710280 0.237500 0.709112 0.235937 0.709112 0.235156 0.707944 0.234375 0.706776 0.233594 0.705607 0.232813 0.704439 0.231250 0.704439 0.230469 0.703271 0.229687 0.702103 0.228906 0.700935 0.228125 0.699766 0.226562 0.699766 0.225781 0.698598 0.225000 0.697430 0.224219 0.696262 0.223438 0.695093 0.222656 0.693925 0.221875 0.692757 0.221094 0.691589 0.221094 0.689252 0.220312 0.688084 0.219531 0.686916 0.218750 0.685748 0.217969 0.684579 0.217969 0.682243 0.217969 0.679907 0.217188 0.678738 0.216406 0.677570 0.216406 0.675234 0.216406 0.672897 0.216406 0.670561 0.216406 0.668224 0.216406 0.665888 0.216406 0.663551 0.216406 0.661215 0.216406 0.658879 0.216406 0.656542 0.216406 0.654206 0.216406 0.651869 0.216406 0.649533 0.216406 0.647196 0.216406 0.644860 0.215625 0.643692 0.214844 0.642523 0.214844 0.640187 0.214844 0.637850 0.214844 0.635514 0.214844 0.633178 0.214844 0.630841 0.215625 0.629673 0.216406 0.628505 0.216406 0.626168 0.216406 0.623832 0.216406 0.621495 0.216406 0.619159 0.216406 0.616822 0.216406 0.614486 0.216406 0.612150 0.216406 0.609813 0.216406 0.607477 0.216406 0.605140 0.216406 0.602804 0.216406 0.600467 0.216406 0.598131 0.216406 0.595794 0.217188 0.594626 0.217969 0.593458 0.217969 0.591121 0.217969 0.588785 0.217969 0.586449 0.217969 0.584112 0.217969 0.581776 0.217969 0.579439 0.217969 0.577103 0.218750 0.575935 0.219531 0.574766 0.219531 0.572430 0.219531 0.570093 0.219531 0.567757 0.219531 0.565421 0.220312 0.564252 0.221094 0.563084 0.221094 0.560748 0.221094 0.558411 0.221094 0.556075 0.221094 0.553738 0.221094 0.551402 0.221875 0.550234 0.222656 0.549065 0.222656 0.546729 0.222656 0.544393 0.222656 0.542056 0.222656 0.539720 0.223438 0.538551 0.224219 0.537383 0.224219 0.535047 0.224219 0.532710 0.224219 0.530374 0.224219 0.528037 0.224219 0.525701 0.224219 0.523364 0.224219 0.521028 0.225000 0.519860 0.225781 0.518692 0.225781 0.516355 0.225781 0.514019 0.225781 0.511682 0.225781 0.509346 0.225781 0.507009 0.226562 0.505841 0.227344 0.504673 0.227344 0.502336 0.227344 0.500000 0.227344 0.497664 0.227344 0.495327 0.227344 0.492991 0.227344 0.490654 0.227344 0.488318 0.227344 0.485981 0.227344 0.483645 0.227344 0.481308 0.227344 0.478972 0.227344 0.476636 0.227344 0.474299 0.227344 0.471963 0.227344 0.469626 0.228125 0.468458 0.228906 0.467290 0.228906 0.464953 0.228906 0.462617 0.228906 0.460280 0.228906 0.457944 0.228906 0.455607 0.228906 0.453271 0.228906 0.450935 0.228906 0.448598 0.228906 0.446262 0.228906 0.443925 0.228906 0.441589 0.228906 0.439252 0.228906 0.436916 0.228906 0.434579 0.229687 0.433411 0.230469 0.432243 0.230469 0.429907 0.230469 0.427570 0.230469 0.425234 0.231250 0.424065 0.232031 0.422897 0.232031 0.420561 0.232031 0.418224 0.232031 0.415888 0.232031 0.413551 0.232031 0.411215 0.232031 0.408879 0.232031 0.406542 0.232031 0.404206 0.232031 0.401869 0.232813 0.400701 0.233594 0.399533 0.233594 0.397196 0.233594 0.394860 0.233594 0.392523 0.233594 0.390187 0.233594 0.387850 0.234375 0.386682 0.235156 0.385514 0.235156 0.383178 0.235156 0.380841 0.235156 0.378505 0.235156 0.376168 0.235156 0.373832 0.235937 0.372664 0.236719 0.371495 0.236719 0.369159 0.236719 0.366822 0.236719 0.364486 0.237500 0.363318 0.238281 0.362150 0.238281 0.359813 0.238281 0.357477 0.239063 0.356308 0.239844 0.355140 0.239844 0.352804 0.240625 0.351636 0.241406 0.350467 0.241406 0.348131 0.242188 0.346963 0.242969 0.345794 0.243750 0.344626 0.244531 0.343458 0.244531 0.341121 0.245312 0.339953 0.246094 0.338785 0.246875 0.337617 0.247656 0.336449 0.248438 0.335280 0.249219 0.334112 0.250000 0.332944 0.250781 0.331776 0.251563 0.330607 0.252344 0.329439 0.253125 0.328271 0.253906 0.327103 0.253906 0.324766 0.254688 0.323598 0.255469 0.322430 0.255469 0.320093 0.256250 0.318925 0.257031 0.317757 0.257031 0.315421 0.257812 0.314252 0.258594 0.313084 0.258594 0.310748 0.259375 0.309579 0.260156 0.308411 0.260937 0.307243 0.261719 0.306075 0.261719 0.303738 0.262500 0.302570 0.263281 0.301402 0.264062 0.300234 0.264844 0.299065 0.264844 0.296729 0.265625 0.295561 0.267188 0.295561 0.267969 0.294393 0.268750 0.293224 0.269531 0.292056 0.270313 0.290888 0.271094 0.289720 0.271875 0.288551 0.272656 0.287383 0.273438 0.286215 0.274219 0.285047 0.275000 0.283879 0.275781 0.282710 0.276562 0.281542 0.277344 0.280374 0.278125 0.279206 0.278906 0.278037 0.279687 0.276869 0.280469 0.275701 0.280469 0.273364 0.281250 0.272196 0.282031 0.271028 0.282813 0.269860 0.283594 0.268692 0.284375 0.267523 0.285156 0.266355 0.285938 0.265187 0.286719 0.264019 0.287500 0.262850 0.288281 0.261682 0.289062 0.260514 0.289844 0.259346 0.290625 0.258178 0.292187 0.258178 0.292969 0.257009 0.293750 0.255841 0.295312 0.255841 0.296094 0.254673 0.296875 0.253505 0.298438 0.253505 0.299219 0.252336 0.300000 0.251168 0.301563 0.251168 0.302344 0.250000 0.303125 0.248832 0.304688 0.248832 0.306250 0.248832 0.307031 0.247664 0.307812 0.246495 0.309375 0.246495 0.310156 0.245327 0.310937 0.244159 0.312500 0.244159 0.314063 0.244159 0.314844 0.242991 0.315625 0.241822 0.317188 0.241822 0.318750 0.241822 0.320312 0.241822 0.321094 0.240654 0.321875 0.239486 0.323437 0.239486 0.325000 0.239486 0.326562 0.239486 0.328125 0.239486 0.328906 0.238318 0.329688 0.237150 0.331250 0.237150 0.332813 0.237150 0.334375 0.237150 0.335938 0.237150 0.337500 0.237150 0.339062 0.237150 0.340625 0.237150 0.342187 0.237150 0.343750 0.237150 0.345313 0.237150 0.346875 0.237150 0.348438 0.237150 0.350000 0.237150 0.351562 0.237150 0.353125 0.237150 0.354687 0.237150 0.356250 0.237150 0.357812 0.237150 0.359375 0.237150 0.360938 0.237150 0.362500 0.237150 0.363281 0.238318 0.364063 0.239486 0.365625 0.239486 0.367188 0.239486 0.368750 0.239486 0.370312 0.239486 0.371875 0.239486 0.373437 0.239486 0.375000 0.239486 0.376563 0.239486 0.378125 0.239486 0.379688 0.239486 0.381250 0.239486 0.382812 0.239486 0.384375 0.239486 0.385937 0.239486 0.386719 0.240654 0.387500 0.241822 0.389062 0.241822 0.390625 0.241822 0.392188 0.241822 0.393750 0.241822 0.395313 0.241822 0.396875 0.241822 0.397656 0.242991 0.398438 0.244159 0.400000 0.244159 0.401562 0.244159 0.403125 0.244159 0.404687 0.244159 0.406250 0.244159 0.407813 0.244159 0.409375 0.244159 0.410938 0.244159 0.411719 0.245327 0.412500 0.246495 0.414062 0.246495 0.415625 0.246495 0.417187 0.246495 0.418750 0.246495 0.420312 0.246495 0.421875 0.246495 0.423438 0.246495 0.425000 0.246495 0.426563 0.246495 0.428125 0.246495 0.428906 0.247664 0.429688 0.248832 0.431250 0.248832 0.432812 0.248832 0.434375 0.248832 0.435937 0.248832 0.437500 0.248832 0.439063 0.248832 0.440625 0.248832 0.442188 0.248832 0.443750 0.248832 0.445312 0.248832 0.446875 0.248832 0.448437 0.248832 0.450000 0.248832 0.451562 0.248832 0.453125 0.248832 0.454688 0.248832 0.456250 0.248832 0.457813 0.248832 0.459375 0.248832 0.460938 0.248832 0.462500 0.248832 0.464062 0.248832 0.465625 0.248832 0.467187 0.248832 0.468750 0.248832 0.470313 0.248832 0.471875 0.248832 0.473438 0.248832 0.475000 0.248832 0.476562 0.248832 0.478125 0.248832 0.479687 0.248832 0.480469 0.250000 0.481250 0.251168 0.482812 0.251168 0.484375 0.251168 0.485938 0.251168 0.487500 0.251168 0.489063 0.251168 0.490625 0.251168 0.492188 0.251168 0.493750 0.251168 0.495312 0.251168 0.496875 0.251168 0.498437 0.251168 0.500000 0.251168 0.501563 0.251168 0.503125 0.251168 0.504687 0.251168 0.506250 0.251168 0.507031 0.252336 0.507812 0.253505 0.509375 0.253505 0.510938 0.253505 0.512500 0.253505 0.514062 0.253505 0.515625 0.253505 0.517188 0.253505 0.518750 0.253505 0.520312 0.253505 0.521875 0.253505 0.523438 0.253505 0.525000 0.253505 0.525781 0.254673 0.526563 0.255841 0.528125 0.255841 0.529687 0.255841 0.531250 0.255841 0.532813 0.255841 0.533594 0.257009 0.534375 0.258178 0.535937 0.258178 0.537500 0.258178 0.539062 0.258178 0.540625 0.258178 0.541406 0.259346 0.542188 0.260514 0.543750 0.260514 0.545312 0.260514 0.546094 0.261682 0.546875 0.262850 0.548438 0.262850 0.550000 0.262850 0.550781 0.264019 0.551562 0.265187 0.553125 0.265187 0.554688 0.265187 0.555469 0.266355 0.556250 0.267523 0.557813 0.267523 0.558594 0.268692 0.559375 0.269860 0.560937 0.269860 0.562500 0.269860 0.563281 0.271028 0.564063 0.272196 0.565625 0.272196 0.567187 0.272196 0.567969 0.273364 0.568750 0.274533 0.570312 0.274533 0.571094 0.275701 0.571875 0.276869 0.573438 0.276869 0.574219 0.278037 0.575000 0.279206 0.576562 0.279206 0.577344 0.280374 0.578125 0.281542 0.578906 0.282710 0.579688 0.283879 0.581250 0.283879 0.582031 0.285047 0.582812 0.286215 0.584375 0.286215 0.585156 0.287383 0.585938 0.288551 0.587500 0.288551 0.588281 0.289720 0.589063 0.290888 0.590625 0.290888 0.592187 0.290888 0.592969 0.292056 0.593750 0.293224 0.595313 0.293224 0.596094 0.294393 0.596875 0.295561 0.598437 0.295561 0.599219 0.296729 0.600000 0.297897 0.601562 0.297897 0.602344 0.299065 0.603125 0.300234 0.603906 0.301402 0.604688 0.302570 0.606250 0.302570 0.607031 0.303738 0.607812 0.304907 0.609375 0.304907 0.610156 0.306075 0.610938 0.307243 0.612500 0.307243 0.613281 0.308411 0.614062 0.309579 0.615625 0.309579 0.617188 0.309579 0.618750 0.309579 0.619531 0.310748 0.620313 0.311916 0.621875 0.311916 0.622656 0.313084 0.623437 0.314252 0.625000 0.314252 0.626563 0.314252 0.627344 0.315421 0.628125 0.316589 0.629687 0.316589 0.630469 0.317757 0.631250 0.318925 0.632031 0.320093 0.632812 0.321262 0.634375 0.321262 0.635156 0.322430 0.635938 0.323598 0.637500 0.323598 0.639062 0.323598 0.640625 0.323598 0.641406 0.324766 0.642188 0.325935 0.643750 0.325935 0.645312 0.325935 0.646875 0.325935 0.648438 0.325935 0.649219 0.327103 0.650000 0.328271 0.651563 0.328271 0.653125 0.328271 0.654687 0.328271 0.656250 0.328271 0.657031 0.329439 0.657813 0.330607 0.659375 0.330607 0.660937 0.330607 0.662500 0.330607 0.664062 0.330607 0.665625 0.330607 0.667188 0.330607 0.668750 0.330607 0.669531 0.331776 0.670312 0.332944 0.671875 0.332944 0.673438 0.332944 0.675000 0.332944 0.676562 0.332944 0.678125 0.332944 0.679688 0.332944 0.680469 0.334112 0.681250 0.335280 0.682813 0.335280 0.684375 0.335280 0.685937 0.335280 0.687500 0.335280 0.688281 0.336449 0.689063 0.337617 0.690625 0.337617 0.691406 0.338785 0.692187 0.339953 0.693750 0.339953 0.694531 0.341121 0.695312 0.342290 0.696875 0.342290 0.698438 0.342290 0.699219 0.343458 0.700000 0.344626 0.701562 0.344626 0.703125 0.344626 0.704688 0.344626 0.705469 0.345794 0.706250 0.346963 0.707812 0.346963 0.709375 0.346963 0.710938 0.346963 0.711719 0.348131 0.712500 0.349299 0.714063 0.349299 0.715625 0.349299 0.717187 0.349299 0.717969 0.350467 0.718750 0.351636 0.720313 0.351636 0.721875 0.351636 0.723437 0.351636 0.724219 0.352804 0.725000 0.353972 0.726562 0.353972 0.728125 0.353972 0.728906 0.355140 0.729688 0.356308 0.731250 0.356308 0.732812 0.356308 0.733594 0.357477 0.734375 0.358645 0.735938 0.358645 0.736719 0.359813 0.737500 0.360981 0.739062 0.360981 0.739844 0.362150 0.740625 0.363318 0.742188 0.363318 0.742969 0.364486 0.743750 0.365654 0.745313 0.365654 0.746875 0.365654 0.747656 0.366822 0.748437 0.367991 0.750000 0.367991 0.751563 0.367991 0.752344 0.369159 0.753125 0.370327 0.754687 0.370327 0.756250 0.370327 0.757812 0.370327 0.758594 0.371495 0.759375 0.372664 0.760938 0.372664 0.762500 0.372664 0.764062 0.372664 0.764844 0.373832 0.765625 0.375000 0.767188 0.375000 0.768750 0.375000 0.769531 0.376168 0.770312 0.377336 0.771875 0.377336 0.772656 0.378505 0.773438 0.379673 0.775000 0.379673 0.776563 0.379673 0.777344 0.380841 0.778125 0.382009 0.779687 0.382009 0.781250 0.382009 0.782031 0.383178 0.782813 0.384346 0.784375 0.384346 0.785937 0.384346 0.786719 0.385514 0.787500 0.386682 0.789062 0.386682 0.790625 0.386682 0.792188 0.386682 0.792969 0.387850 0.793750 0.389019 0.795312 0.389019 0.796875 0.389019 0.798438 0.389019 0.799219 0.390187 0.800000 0.391355 0.801562 0.391355 0.803125 0.391355 0.804688 0.391355 0.806250 0.391355 0.807031 0.392523 0.807813 0.393692 0.809375 0.393692 0.810937 0.393692 0.812500 0.393692 0.813281 0.394860 0.814063 0.396028 0.815625 0.396028 0.817187 0.396028 0.817969 0.397196 0.818750 0.398364 0.820312 0.398364 0.821875 0.398364 0.822656 0.399533 0.823438 0.400701 0.825000 0.400701 0.825781 0.401869 0.826562 0.403037 0.828125 0.403037 0.828906 0.404206 0.829688 0.405374 0.831250 0.405374 0.832031 0.406542 0.832812 0.407710 0.834375 0.407710 0.835156 0.408879 0.835938 0.410047 0.837500 0.410047 0.838281 0.411215 0.839063 0.412383 0.840625 0.412383 0.841406 0.413551 0.842187 0.414720 0.843750 0.414720 0.844531 0.415888 0.845313 0.417056 0.846094 0.418224 0.846875 0.419393 0.847656 0.420561 0.848437 0.421729 0.849219 0.422897 0.850000 0.424065 0.850781 0.425234 0.851562 0.426402 0.852344 0.427570 0.852344 0.429907 0.853125 0.431075 0.853906 0.432243 0.853906 0.434579 0.854688 0.435748 0.855469 0.436916 0.855469 0.439252 0.855469 0.441589 0.855469 0.443925 0.855469 0.446262 0.855469 0.448598 0.855469 0.450935 0.855469 0.453271 0.856250 0.454439 0.857031 0.455607 0.857031 0.457944 0.857031 0.460280 0.857031 0.462617 0.857031 0.464953 0.857031 0.467290 0.857031 0.469626 0.857031 0.471963 0.857031 0.474299 0.857031 0.476636 0.857031 0.478972 0.857031 0.481308 0.857031 0.483645 0.857031 0.485981 0.857031 0.488318 0.857031 0.490654 0.857031 0.492991 0.857031 0.495327 0.857031 0.497664 0.857031 0.500000 0.857031 0.502336 0.857031 0.504673 0.857031 0.507009 0.857031 0.509346 0.857031 0.511682 0.857031 0.514019 0.857031 0.516355 0.857031 0.518692 0.857031 0.521028 0.856250 0.522196 0.855469 0.523364 0.855469 0.525701 0.855469 0.528037 0.855469 0.530374 0.855469 0.532710 0.855469 0.535047 0.855469 0.537383 0.855469 0.539720 0.855469 0.542056 0.855469 0.544393 0.855469 0.546729 0.855469 0.549065 0.855469 0.551402 0.855469 0.553738 0.855469 0.556075 0.855469 0.558411 0.855469 0.560748 0.855469 0.563084 0.855469 0.565421 0.855469 0.567757 0.855469 0.570093 0.855469 0.572430 0.855469 0.574766 0.855469 0.577103 0.855469 0.579439 0.855469 0.581776 0.855469 0.584112 0.855469 0.586449 0.855469 0.588785 0.855469 0.591121 0.855469 0.593458 0.855469 0.595794 0.855469 0.598131 0.855469 0.600467 0.855469 0.602804 0.855469 0.605140 0.855469 0.607477 0.855469 0.609813 0.855469 0.612150 0.855469 0.614486 0.855469 0.616822 0.855469 0.619159 0.855469 0.621495 0.855469 0.623832 0.855469 0.626168 0.855469 0.628505 0.855469 0.630841 0.855469 0.633178 0.855469 0.635514 0.855469 0.637850 0.855469 0.640187 0.855469 0.642523 0.855469 0.644860 0.855469 0.647196 0.855469 0.649533 0.855469 0.651869 0.855469 0.654206 0.855469 0.656542 0.854688 0.657710 0.853906 0.658879 0.853906 0.661215 0.853906 0.663551 0.853906 0.665888 0.853906 0.668224 0.853906 0.670561 0.853906 0.672897 0.853906 0.675234 0.853906 0.677570 0.853125 0.678738 0.852344 0.679907 0.852344 0.682243 0.852344 0.684579 0.851562 0.685748 0.850781 0.686916 0.850781 0.689252 0.850781 0.691589 0.850000 0.692757 0.849219 0.693925 0.848437 0.695093 0.847656 0.696262 0.847656 0.698598 0.846875 0.699766 0.846094 0.700935 0.845313 0.702103 0.844531 0.703271 0.843750 0.704439 0.842969 0.705607 0.842187 0.706776 0.841406 0.707944 0.840625 0.709112 0.839063 0.709112 0.838281 0.710280 0.837500 0.711449 0.836719 0.712617 0.835938 0.713785 0.835156 0.714953 0.834375 0.716121 0.832812 0.716121 0.832031 0.717290 0.831250 0.718458 0.829688 0.718458 0.828906 0.719626 0.828125 0.720794 0.826562 0.720794 0.825000 0.720794 0.824219 0.721963 0.823438 0.723131 0.821875 0.723131 0.820312 0.723131 0.818750 0.723131 0.817187 0.723131 0.815625 0.723131 0.814063 0.723131 0.812500 0.723131 0.810937 0.723131 0.809375 0.723131 0.808594 0.724299 0.807813 0.725467 0.806250 0.725467 0.804688 0.725467 0.803125 0.725467 0.801562 0.725467 0.800000 0.725467 0.798438 0.725467 0.796875 0.725467 0.795312 0.725467 0.794531 0.724299 0.793750 0.723131 0.792188 0.723131 0.790625 0.723131 0.789062 0.723131 0.787500 0.723131 0.785937 0.723131 0.784375 0.723131 0.782813 0.723131 0.782031 0.721963 0.781250 0.720794 0.779687 0.720794 0.778125 0.720794 0.776563 0.720794 0.775000 0.720794 0.773438 0.720794 0.772656 0.719626 0.771875 0.718458 0.770312 0.718458 0.768750 0.718458 0.767188 0.718458 0.766406 0.717290 0.765625 0.716121 0.764062 0.716121 0.762500 0.716121 0.760938 0.716121 0.760156 0.714953 0.759375 0.713785 0.757812 0.713785 0.756250 0.713785 0.755469 0.712617 0.754687 0.711449 0.753125 0.711449 0.752344 0.712617 0.751563 0.713785 0.750000 0.713785 0.748437 0.713785 0.747656 0.714953 0.746875 0.716121 0.745313 0.716121 0.743750 0.716121 0.742188 0.716121 0.741406 0.717290 0.740625 0.718458 0.739062 0.718458 0.737500 0.718458 0.736719 0.719626 0.735938 0.720794 0.734375 0.720794 0.732812 0.720794 0.731250 0.720794 0.730469 0.721963 0.729688 0.723131 0.728125 0.723131 0.727344 0.724299 0.726562 0.725467 0.725000 0.725467 0.724219 0.726636 0.723437 0.727804 0.721875 0.727804 0.721094 0.728972 0.720313 0.730140 0.719531 0.731308 0.718750 0.732477 0.717969 0.733645 0.717187 0.734813 0.715625 0.734813 0.714844 0.735981 0.714063 0.737150 0.712500 0.737150 0.711719 0.738318 0.710938 0.739486 0.709375 0.739486 0.707812 0.739486 0.707031 0.740654 0.706250 0.741822 0.704688 0.741822 0.703125 0.741822 0.701562 0.741822 0.700000 0.741822 0.699219 0.742991 0.698438 0.744159 0.696875 0.744159 0.695312 0.744159 0.693750 0.744159 0.692187 0.744159 0.691406 0.745327 0.690625 0.746495 0.689063 0.746495 0.687500 0.746495 0.685937 0.746495 0.684375 0.746495 0.682813 0.746495 0.681250 0.746495 0.679688 0.746495 0.678125 0.746495 0.676562 0.746495 0.675000 0.746495 0.673438 0.746495 0.671875 0.746495 0.670312 0.746495 0.668750 0.746495 0.667188 0.746495 0.665625 0.746495 0.664062 0.746495 0.662500 0.746495 0.660937 0.746495 0.659375 0.746495 0.657813 0.746495 0.656250 0.746495 0.654687 0.746495 0.653125 0.746495 0.651563 0.746495 0.650000 0.746495 0.648438 0.746495 0.646875 0.746495 0.645312 0.746495 0.643750 0.746495 0.642188 0.746495 0.640625 0.746495 0.639062 0.746495 0.637500 0.746495 0.635938 0.746495 0.634375 0.746495 0.632812 0.746495 0.631250 0.746495 0.629687 0.746495 0.628125 0.746495 0.626563 0.746495 0.625000 0.746495 0.623437 0.746495 0.621875 0.746495 0.620313 0.746495 0.618750 0.746495 0.617188 0.746495 0.616406 0.747664 0.615625 0.748832 0.614062 0.748832 0.612500 0.748832 0.610938 0.748832 0.609375 0.748832 0.607812 0.748832 0.606250 0.748832 0.605469 0.750000 0.604688 0.751168 0.603125 0.751168 0.601562 0.751168 0.600000 0.751168 0.598437 0.751168 0.597656 0.752336 0.596875 0.753505 0.595313 0.753505 0.593750 0.753505 0.592187 0.753505 0.591406 0.754673 0.590625 0.755841 0.589063 0.755841 0.587500 0.755841 0.586719 0.757009 0.585938 0.758178 0.584375 0.758178 0.582812 0.758178 0.581250 0.758178 0.580469 0.759346 0.579688 0.760514 0.578125 0.760514 0.576562 0.760514 0.575781 0.761682 0.575000 0.762850 0.573438 0.762850 0.571875 0.762850 0.570312 0.762850 0.569531 0.764019 0.568750 0.765187 0.567187 0.765187 0.565625 0.765187 0.564063 0.765187 0.563281 0.766355 0.562500 0.767523 0.560937 0.767523 0.559375 0.767523 0.558594 0.768692 0.557813 0.769860 0.556250 0.769860 0.554688 0.769860 0.553906 0.771028 0.553125 0.772196 0.551562 0.772196 0.550000 0.772196 0.549219 0.773364 0.548438 0.774533 0.546875 0.774533 0.545312 0.774533 0.543750 0.774533 0.542188 0.774533 0.541406 0.775701 0.540625 0.776869 0.539062 0.776869 0.537500 0.776869 0.535937 0.776869 0.534375 0.776869 0.532813 0.776869 0.531250 0.776869 0.529687 0.776869 0.528906 0.778037 0.528125 0.779206
1 0.884375 0.648364 0.883594 0.647196 0.883594 0.644860 0.883594 0.642523 0.883594 0.640187 0.883594 0.637850 0.884375 0.636682 0.885156 0.635514 0.885156 0.633178 0.885156 0.630841 0.885938 0.629673 0.886719 0.628505 0.886719 0.626168 0.886719 0.623832 0.886719 0.621495 0.885938 0.620327 0.885156 0.619159 0.884375 0.617991 0.883594 0.616822 0.882812 0.615654 0.882031 0.614486 0.882031 0.612150 0.882031 0.609813 0.882031 0.607477 0.882031 0.605140 0.882031 0.602804 0.882031 0.600467 0.882031 0.598131 0.882812 0.596963 0.883594 0.595794 0.883594 0.593458 0.884375 0.592290 0.885156 0.591121 0.885156 0.588785 0.885938 0.587617 0.886719 0.586449 0.886719 0.584112 0.887500 0.582944 0.888281 0.581776 0.888281 0.579439 0.888281 0.577103 0.889062 0.575935 0.889844 0.574766 0.890625 0.573598 0.891406 0.572430 0.892188 0.571262 0.892969 0.570093 0.892969 0.567757 0.893750 0.566589 0.894531 0.565421 0.895312 0.564252 0.896094 0.563084 0.896094 0.560748 0.896875 0.559579 0.898438 0.559579 0.900000 0.559579 0.901563 0.559579 0.903125 0.559579 0.903906 0.560748 0.903906 0.563084 0.904687 0.564252 0.905469 0.565421 0.905469 0.567757 0.906250 0.568925 0.907031 0.570093 0.907031 0.572430 0.907031 0.574766 0.907031 0.577103 0.907813 0.578271 0.908594 0.579439 0.908594 0.581776 0.908594 0.584112 0.908594 0.586449 0.908594 0.588785 0.908594 0.591121 0.908594 0.593458 0.908594 0.595794 0.908594 0.598131 0.908594 0.600467 0.907813 0.601636 0.907031 0.602804 0.907031 0.605140 0.906250 0.606308 0.905469 0.607477 0.905469 0.609813 0.904687 0.610981 0.903906 0.612150 0.903125 0.613318 0.902344 0.614486 0.902344 0.616822 0.902344 0.619159 0.902344 0.621495 0.902344 0.623832 0.902344 0.626168 0.902344 0.628505 0.902344 0.630841 0.902344 0.633178 0.901563 0.634346 0.900781 0.635514 0.900781 0.637850 0.900781 0.640187 0.900000 0.641355 0.899219 0.642523 0.898438 0.643692 0.897656 0.642523 0.896875 0.641355 0.896094 0.640187 0.896094 0.637850 0.896094 0.635514 0.896094 0.633178 0.896094 0.630841 0.896094 0.628505 0.895312 0.627336 0.894531 0.626168 0.893750 0.625000 0.892188 0.625000 0.891406 0.626168 0.891406 0.628505 0.890625 0.629673 0.889844 0.630841 0.889844 0.633178 0.889844 0.635514 0.889062 0.636682 0.888281 0.637850 0.887500 0.639019 0.886719 0.640187 0.886719 0.642523 0.885938 0.643692 0.885156 0.644860 0.885156 0.647196 0.884375 0.648364
1 0.014063 0.543224 0.012500 0.543224 0.011719 0.542056 0.010937 0.540888 0.010156 0.539720 0.010156 0.537383 0.010156 0.535047 0.010156 0.532710 0.010937 0.531542 0.011719 0.530374 0.012500 0.529206 0.013281 0.528037 0.013281 0.525701 0.014063 0.524533 0.014844 0.523364 0.014844 0.521028 0.014844 0.518692 0.014844 0.516355 0.014063 0.515187 0.013281 0.514019 0.013281 0.511682 0.013281 0.509346 0.013281 0.507009 0.013281 0.504673 0.013281 0.502336 0.014063 0.501168 0.014844 0.500000 0.014844 0.497664 0.014844 0.495327 0.014844 0.492991 0.014844 0.490654 0.015625 0.489486 0.016406 0.488318 0.017188 0.487150 0.018750 0.487150 0.020313 0.487150 0.021875 0.487150 0.023438 0.487150 0.025000 0.487150 0.026562 0.487150 0.028125 0.487150 0.028906 0.488318 0.029687 0.489486 0.030469 0.490654 0.030469 0.492991 0.030469 0.495327 0.031250 0.496495 0.032031 0.497664 0.032813 0.498832 0.033594 0.500000 0.033594 0.502336 0.033594 0.504673 0.033594 0.507009 0.034375 0.508178 0.035156 0.509346 0.035156 0.511682 0.035156 0.514019 0.035156 0.516355 0.035156 0.518692 0.035156 0.521028 0.035937 0.522196 0.036719 0.523364 0.036719 0.525701 0.037500 0.526869 0.038281 0.528037 0.038281 0.530374 0.038281 0.532710 0.038281 0.535047 0.038281 0.537383 0.037500 0.538551 0.035937 0.538551 0.034375 0.538551 0.032813 0.538551 0.032031 0.539720 0.031250 0.540888 0.029687 0.540888 0.028125 0.540888 0.026562 0.540888 0.025000 0.540888 0.023438 0.540888 0.021875 0.540888 0.020313 0.540888 0.018750 0.540888 0.017188 0.540888 0.015625 0.540888 0.014844 0.542056 0.014063 0.543224
2 0.896875 0.669393 0.896094 0.668224 0.895312 0.667056 0.894531 0.665888 0.893750 0.664720 0.892969 0.663551 0.892969 0.661215 0.892188 0.660047 0.891406 0.658879 0.890625 0.657710 0.889844 0.658879 0.889062 0.660047 0.888281 0.661215 0.887500 0.662383 0.886719 0.663551 0.886719 0.665888 0.885938 0.667056 0.884375 0.667056 0.882812 0.667056 0.882031 0.665888 0.881250 0.664720 0.880469 0.663551 0.880469 0.661215 0.880469 0.658879 0.880469 0.656542 0.880469 0.654206 0.880469 0.651869 0.881250 0.650701 0.882031 0.649533 0.882031 0.647196 0.882031 0.644860 0.882031 0.642523 0.882031 0.640187 0.882031 0.637850 0.882812 0.636682 0.883594 0.635514 0.883594 0.633178 0.884375 0.632009 0.885156 0.630841 0.885938 0.629673 0.886719 0.628505 0.886719 0.626168 0.887500 0.625000 0.888281 0.623832 0.889062 0.622664 0.889844 0.623832 0.890625 0.625000 0.891406 0.626168 0.891406 0.628505 0.892188 0.629673 0.892969 0.630841 0.893750 0.632009 0.894531 0.633178 0.895312 0.634346 0.896094 0.635514 0.896094 0.637850 0.896875 0.639019 0.897656 0.640187 0.898438 0.641355 0.900000 0.641355 0.900781 0.640187 0.901563 0.639019 0.902344 0.637850 0.903125 0.636682 0.903906 0.635514 0.904687 0.634346 0.906250 0.634346 0.907031 0.635514 0.907031 0.637850 0.907031 0.640187 0.907031 0.642523 0.907031 0.644860 0.907031 0.647196 0.907031 0.649533 0.906250 0.650701 0.904687 0.650701 0.903906 0.651869 0.903125 0.653037 0.902344 0.651869 0.901563 0.650701 0.900000 0.650701 0.899219 0.651869 0.899219 0.654206 0.899219 0.656542 0.899219 0.658879 0.899219 0.661215 0.899219 0.663551 0.899219 0.665888 0.898438 0.667056 0.897656 0.668224 0.896875 0.669393
31 0.896875 0.622664 0.895312 0.622664 0.893750 0.622664 0.892188 0.622664 0.890625 0.622664 0.889062 0.622664 0.887500 0.622664 0.886719 0.621495 0.885938 0.620327 0.884375 0.620327 0.883594 0.619159 0.883594 0.616822 0.882812 0.615654 0.882031 0.614486 0.882031 0.612150 0.882031 0.609813 0.882031 0.607477 0.882031 0.605140 0.882031 0.602804 0.882812 0.601636 0.883594 0.600467 0.884375 0.599299 0.885938 0.599299 0.887500 0.599299 0.888281 0.600467 0.889062 0.601636 0.889844 0.602804 0.890625 0.603972 0.891406 0.605140 0.892188 0.606308 0.893750 0.606308 0.895312 0.606308 0.896875 0.606308 0.897656 0.607477 0.898438 0.608645 0.899219 0.609813 0.899219 0.612150 0.899219 0.614486 0.899219 0.616822 0.899219 0.619159 0.898438 0.620327 0.897656 0.621495 0.896875 0.622664
2 0.204687 0.688084 0.203125 0.688084 0.201563 0.688084 0.200000 0.688084 0.198437 0.688084 0.196875 0.688084 0.195312 0.688084 0.193750 0.688084 0.192188 0.688084 0.190625 0.688084 0.189062 0.688084 0.187500 0.688084 0.185938 0.688084 0.184375 0.688084 0.182812 0.688084 0.181250 0.688084 0.179688 0.688084 0.178906 0.686916 0.178125 0.685748 0.177344 0.684579 0.177344 0.682243 0.177344 0.679907 0.177344 0.677570 0.177344 0.675234 0.177344 0.672897 0.177344 0.670561 0.177344 0.668224 0.177344 0.665888 0.178125 0.664720 0.178906 0.663551 0.178906 0.661215 0.178906 0.658879 0.178906 0.656542 0.178906 0.654206 0.178906 0.651869 0.178906 0.649533 0.178906 0.647196 0.178906 0.644860 0.178906 0.642523 0.178906 0.640187 0.178906 0.637850 0.178906 0.635514 0.178906 0.633178 0.179688 0.632009 0.180469 0.630841 0.180469 0.628505 0.180469 0.626168 0.180469 0.623832 0.180469 0.621495 0.180469 0.619159 0.180469 0.616822 0.180469 0.614486 0.180469 0.612150 0.180469 0.609813 0.181250 0.608645 0.182031 0.607477 0.182031 0.605140 0.182031 0.602804 0.182031 0.600467 0.182031 0.598131 0.182031 0.595794 0.182031 0.593458 0.182031 0.591121 0.182031 0.588785 0.182031 0.586449 0.182031 0.584112 0.182031 0.581776 0.182031 0.579439 0.182812 0.578271 0.183594 0.577103 0.183594 0.574766 0.184375 0.573598 0.185938 0.573598 0.186719 0.572430 0.187500 0.571262 0.188281 0.572430 0.189062 0.573598 0.189844 0.574766 0.189844 0.577103 0.190625 0.578271 0.191406 0.579439 0.191406 0.581776 0.191406 0.584112 0.192188 0.585280 0.192969 0.586449 0.192969 0.588785 0.192969 0.591121 0.193750 0.592290 0.194531 0.593458 0.195312 0.594626 0.196094 0.595794 0.196094 0.598131 0.196875 0.599299 0.197656 0.600467 0.198437 0.601636 0.199219 0.602804 0.200000 0.603972 0.201563 0.603972 0.203125 0.603972 0.203906 0.605140 0.204687 0.606308 0.206250 0.606308 0.207031 0.607477 0.207813 0.608645 0.209375 0.608645 0.210156 0.609813 0.210938 0.610981 0.211719 0.612150 0.212500 0.613318 0.213281 0.614486 0.214062 0.615654 0.214844 0.616822 0.215625 0.617991 0.216406 0.619159 0.216406 0.621495 0.217188 0.622664 0.217969 0.623832 0.217969 0.626168 0.217969 0.628505 0.218750 0.629673 0.219531 0.630841 0.219531 0.633178 0.219531 0.635514 0.219531 0.637850 0.219531 0.640187 0.219531 0.642523 0.219531 0.644860 0.219531 0.647196 0.219531 0.649533 0.219531 0.651869 0.219531 0.654206 0.219531 0.656542 0.219531 0.658879 0.218750 0.660047 0.217969 0.661215 0.217969 0.663551 0.217969 0.665888 0.217188 0.667056 0.216406 0.668224 0.216406 0.670561 0.215625 0.671729 0.214844 0.672897 0.214844 0.675234 0.214062 0.676402 0.213281 0.677570 0.212500 0.678738 0.211719 0.679907 0.210938 0.681075 0.210156 0.682243 0.209375 0.683411 0.208594 0.684579 0.207813 0.685748 0.206250 0.685748 0.205469 0.686916 0.204687 0.688084
1 0.875000 0.608645 0.874219 0.607477 0.873437 0.606308 0.871875 0.606308 0.871094 0.605140 0.871094 0.602804 0.871094 0.600467 0.870313 0.599299 0.869531 0.598131 0.869531 0.595794 0.869531 0.593458 0.869531 0.591121 0.869531 0.588785 0.869531 0.586449 0.869531 0.584112 0.869531 0.581776 0.869531 0.579439 0.869531 0.577103 0.869531 0.574766 0.868750 0.573598 0.867969 0.572430 0.867969 0.570093 0.867969 0.567757 0.867969 0.565421 0.867969 0.563084 0.868750 0.561916 0.869531 0.560748 0.869531 0.558411 0.869531 0.556075 0.869531 0.553738 0.869531 0.551402 0.869531 0.549065 0.869531 0.546729 0.869531 0.544393 0.870313 0.543224 0.871094 0.542056 0.871875 0.540888 0.873437 0.540888 0.875000 0.540888 0.875781 0.542056 0.875781 0.544393 0.875781 0.546729 0.876563 0.547897 0.877344 0.549065 0.877344 0.551402 0.877344 0.553738 0.877344 0.556075 0.877344 0.558411 0.878125 0.559579 0.878906 0.560748 0.878906 0.563084 0.878906 0.565421 0.878906 0.567757 0.878906 0.570093 0.878906 0.572430 0.878906 0.574766 0.878906 0.577103 0.878125 0.578271 0.877344 0.579439 0.877344 0.581776 0.877344 0.584112 0.877344 0.586449 0.877344 0.588785 0.877344 0.591121 0.877344 0.593458 0.877344 0.595794 0.877344 0.598131 0.877344 0.600467 0.877344 0.602804 0.876563 0.603972 0.875781 0.605140 0.875781 0.607477 0.875000 0.608645
1 0.917188 0.573598 0.915625 0.573598 0.914062 0.573598 0.912500 0.573598 0.910937 0.573598 0.909375 0.573598 0.907813 0.573598 0.907031 0.572430 0.906250 0.571262 0.905469 0.570093 0.905469 0.567757 0.905469 0.565421 0.904687 0.564252 0.903906 0.563084 0.903906 0.560748 0.903906 0.558411 0.904687 0.557243 0.905469 0.556075 0.905469 0.553738 0.906250 0.552570 0.907031 0.551402 0.907813 0.550234 0.908594 0.549065 0.908594 0.546729 0.909375 0.545561 0.910937 0.545561 0.912500 0.545561 0.914062 0.545561 0.914844 0.546729 0.914844 0.549065 0.914844 0.551402 0.915625 0.552570 0.916406 0.553738 0.916406 0.556075 0.916406 0.558411 0.917188 0.559579 0.917969 0.560748 0.917969 0.563084 0.918750 0.564252 0.919531 0.565421 0.919531 0.567757 0.919531 0.570093 0.918750 0.571262 0.917969 0.572430 0.917188 0.573598
2 0.195312 0.695093 0.193750 0.695093 0.192188 0.695093 0.190625 0.695093 0.189062 0.695093 0.187500 0.695093 0.185938 0.695093 0.184375 0.695093 0.183594 0.693925 0.182812 0.692757 0.181250 0.692757 0.179688 0.692757 0.178906 0.691589 0.178125 0.690421 0.176563 0.690421 0.175781 0.689252 0.175781 0.686916 0.175781 0.684579 0.175781 0.682243 0.175781 0.679907 0.175781 0.677570 0.175781 0.675234 0.175781 0.672897 0.175781 0.670561 0.175781 0.668224 0.175781 0.665888 0.175781 0.663551 0.176563 0.662383 0.177344 0.661215 0.177344 0.658879 0.177344 0.656542 0.177344 0.654206 0.177344 0.651869 0.177344 0.649533 0.177344 0.647196 0.177344 0.644860 0.178125 0.643692 0.178906 0.642523 0.178906 0.640187 0.178906 0.637850 0.178906 0.635514 0.178906 0.633178 0.178906 0.630841 0.178906 0.628505 0.178906 0.626168 0.178906 0.623832 0.178906 0.621495 0.178906 0.619159 0.178906 0.616822 0.178906 0.614486 0.178906 0.612150 0.178906 0.609813 0.179688 0.608645 0.180469 0.607477 0.180469 0.605140 0.180469 0.602804 0.180469 0.600467 0.180469 0.598131 0.180469 0.595794 0.181250 0.594626 0.182031 0.593458 0.182031 0.591121 0.182031 0.588785 0.182812 0.587617 0.183594 0.586449 0.183594 0.584112 0.183594 0.581776 0.183594 0.579439 0.183594 0.577103 0.184375 0.575935 0.185156 0.574766 0.185156 0.572430 0.185156 0.570093 0.185938 0.568925 0.186719 0.567757 0.187500 0.566589 0.189062 0.566589 0.190625 0.566589 0.191406 0.567757 0.191406 0.570093 0.191406 0.572430 0.191406 0.574766 0.191406 0.577103 0.191406 0.579439 0.191406 0.581776 0.192188 0.582944 0.192969 0.584112 0.192969 0.586449 0.192969 0.588785 0.193750 0.589953 0.194531 0.591121 0.194531 0.593458 0.195312 0.594626 0.196094 0.595794 0.196094 0.598131 0.196875 0.599299 0.197656 0.600467 0.198437 0.601636 0.199219 0.602804 0.200000 0.603972 0.200781 0.605140 0.201563 0.606308 0.203125 0.606308 0.204687 0.606308 0.205469 0.607477 0.206250 0.608645 0.207813 0.608645 0.208594 0.609813 0.209375 0.610981 0.210938 0.610981 0.211719 0.612150 0.212500 0.613318 0.213281 0.614486 0.214062 0.615654 0.214844 0.616822 0.215625 0.617991 0.216406 0.619159 0.216406 0.621495 0.216406 0.623832 0.216406 0.626168 0.216406 0.628505 0.217188 0.629673 0.217969 0.630841 0.217969 0.633178 0.217969 0.635514 0.217969 0.637850 0.217969 0.640187 0.217969 0.642523 0.217969 0.644860 0.217969 0.647196 0.217969 0.649533 0.217969 0.651869 0.217969 0.654206 0.217969 0.656542 0.217969 0.658879 0.217188 0.660047 0.216406 0.661215 0.216406 0.663551 0.216406 0.665888 0.216406 0.668224 0.216406 0.670561 0.215625 0.671729 0.214844 0.672897 0.214062 0.674065 0.213281 0.675234 0.213281 0.677570 0.212500 0.678738 0.211719 0.679907 0.210938 0.681075 0.210156 0.682243 0.209375 0.683411 0.208594 0.684579 0.207813 0.685748 0.207031 0.686916 0.206250 0.688084 0.204687 0.688084 0.203906 0.689252 0.203125 0.690421 0.201563 0.690421 0.200781 0.691589 0.200000 0.692757 0.198437 0.692757 0.196875 0.692757 0.196094 0.693925 0.195312 0.695093
1 0.082812 0.540888 0.081250 0.540888 0.079687 0.540888 0.078125 0.540888 0.076563 0.540888 0.075000 0.540888 0.073438 0.540888 0.072656 0.539720 0.071875 0.538551 0.070312 0.538551 0.068750 0.538551 0.067187 0.538551 0.065625 0.538551 0.064062 0.538551 0.062500 0.538551 0.060937 0.538551 0.059375 0.538551 0.057813 0.538551 0.056250 0.538551 0.054688 0.538551 0.053125 0.538551 0.052344 0.537383 0.051562 0.536215 0.050000 0.536215 0.048438 0.536215 0.047656 0.535047 0.047656 0.532710 0.048438 0.531542 0.049219 0.530374 0.049219 0.528037 0.049219 0.525701 0.050000 0.524533 0.050781 0.523364 0.050781 0.521028 0.050781 0.518692 0.051562 0.517523 0.052344 0.516355 0.053125 0.515187 0.053906 0.514019 0.053906 0.511682 0.053906 0.509346 0.054688 0.508178 0.055469 0.507009 0.055469 0.504673 0.055469 0.502336 0.055469 0.500000 0.056250 0.498832 0.057031 0.497664 0.057031 0.495327 0.057031 0.492991 0.057813 0.491822 0.058594 0.490654 0.059375 0.489486 0.060156 0.488318 0.060937 0.487150 0.062500 0.487150 0.063281 0.485981 0.064062 0.484813 0.065625 0.484813 0.067187 0.484813 0.068750 0.484813 0.070312 0.484813 0.071875 0.484813 0.073438 0.484813 0.075000 0.484813 0.075781 0.485981 0.076563 0.487150 0.077344 0.488318 0.077344 0.490654 0.077344 0.492991 0.077344 0.495327 0.077344 0.497664 0.077344 0.500000 0.077344 0.502336 0.077344 0.504673 0.078125 0.505841 0.078906 0.507009 0.078906 0.509346 0.079687 0.510514 0.080469 0.511682 0.080469 0.514019 0.081250 0.515187 0.082031 0.516355 0.082031 0.518692 0.082812 0.519860 0.083594 0.521028 0.083594 0.523364 0.083594 0.525701 0.084375 0.526869 0.085156 0.528037 0.085156 0.530374 0.085156 0.532710 0.085156 0.535047 0.084375 0.536215 0.083594 0.537383 0.083594 0.539720 0.082812 0.540888
6 0.503125 0.753505 0.501563 0.753505 0.500000 0.753505 0.498437 0.753505 0.496875 0.753505 0.495312 0.753505 0.493750 0.753505 0.492188 0.753505 0.490625 0.753505 0.489063 0.753505 0.487500 0.753505 0.485938 0.753505 0.484375 0.753505 0.482812 0.753505 0.481250 0.753505 0.479687 0.753505 0.478125 0.753505 0.476562 0.753505 0.475000 0.753505 0.473438 0.753505 0.471875 0.753505 0.470313 0.753505 0.468750 0.753505 0.467187 0.753505 0.465625 0.753505 0.464062 0.753505 0.462500 0.753505 0.460938 0.753505 0.459375 0.753505 0.457813 0.753505 0.456250 0.753505 0.454688 0.753505 0.453125 0.753505 0.451562 0.753505 0.450000 0.753505 0.448437 0.753505 0.447656 0.752336 0.446875 0.751168 0.445312 0.751168 0.443750 0.751168 0.442188 0.751168 0.440625 0.751168 0.439063 0.751168 0.437500 0.751168 0.435937 0.751168 0.434375 0.751168 0.432812 0.751168 0.431250 0.751168 0.429688 0.751168 0.428125 0.751168 0.426563 0.751168 0.425000 0.751168 0.423438 0.751168 0.422656 0.750000 0.421875 0.748832 0.420312 0.748832 0.418750 0.748832 0.417187 0.748832 0.415625 0.748832 0.414062 0.748832 0.412500 0.748832 0.410938 0.748832 0.410156 0.747664 0.409375 0.746495 0.407813 0.746495 0.406250 0.746495 0.404687 0.746495 0.403906 0.745327 0.403125 0.744159 0.401562 0.744159 0.400781 0.742991 0.400000 0.741822 0.398438 0.741822 0.396875 0.741822 0.396094 0.740654 0.395313 0.739486 0.393750 0.739486 0.392188 0.739486 0.390625 0.739486 0.389062 0.739486 0.387500 0.739486 0.385937 0.739486 0.384375 0.739486 0.382812 0.739486 0.381250 0.739486 0.380469 0.738318 0.379688 0.737150 0.378125 0.737150 0.376563 0.737150 0.375000 0.737150 0.373437 0.737150 0.371875 0.737150 0.370312 0.737150 0.368750 0.737150 0.367188 0.737150 0.365625 0.737150 0.364063 0.737150 0.362500 0.737150 0.360938 0.737150 0.359375 0.737150 0.357812 0.737150 0.356250 0.737150 0.354687 0.737150 0.353125 0.737150 0.351562 0.737150 0.350000 0.737150 0.348438 0.737150 0.346875 0.737150 0.345313 0.737150 0.343750 0.737150 0.342969 0.738318 0.342187 0.739486 0.340625 0.739486 0.339062 0.739486 0.337500 0.739486 0.336719 0.740654 0.335938 0.741822 0.334375 0.741822 0.332813 0.741822 0.331250 0.741822 0.329688 0.741822 0.328906 0.742991 0.328125 0.744159 0.326562 0.744159 0.325000 0.744159 0.323437 0.744159 0.321875 0.744159 0.320312 0.744159 0.318750 0.744159 0.317188 0.744159 0.316406 0.742991 0.315625 0.741822 0.314063 0.741822 0.312500 0.741822 0.310937 0.741822 0.309375 0.741822 0.308594 0.740654 0.307812 0.739486 0.306250 0.739486 0.304688 0.739486 0.303125 0.739486 0.302344 0.738318 0.301563 0.737150 0.300000 0.737150 0.299219 0.735981 0.298438 0.734813 0.296875 0.734813 0.296094 0.733645 0.295312 0.732477 0.293750 0.732477 0.292969 0.731308 0.292187 0.730140 0.290625 0.730140 0.289844 0.728972 0.289062 0.727804 0.288281 0.726636 0.287500 0.725467 0.286719 0.724299 0.285938 0.723131 0.284375 0.723131 0.283594 0.721963 0.282813 0.720794 0.281250 0.720794 0.279687 0.720794 0.278906 0.719626 0.278125 0.718458 0.276562 0.718458 0.275000 0.718458 0.273438 0.718458 0.271875 0.718458 0.271094 0.717290 0.270313 0.716121 0.268750 0.716121 0.267188 0.716121 0.265625 0.716121 0.264062 0.716121 0.262500 0.716121 0.260937 0.716121 0.259375 0.716121 0.257812 0.716121 0.256250 0.716121 0.254688 0.716121 0.253125 0.716121 0.251563 0.716121 0.250000 0.716121 0.248438 0.716121 0.246875 0.716121 0.246094 0.714953 0.245312 0.713785 0.243750 0.713785 0.242188 0.713785 0.240625 0.713785 0.239063 0.713785 0.237500 0.713785 0.236719 0.712617 0.235937 0.711449 0.235156 0.710280 0.234375 0.709112 0.232813 0.709112 0.232031 0.707944 0.231250 0.706776 0.230469 0.705607 0.229687 0.704439 0.228906 0.703271 0.228125 0.702103 0.226562 0.702103 0.225781 0.700935 0.225000 0.699766 0.224219 0.698598 0.224219 0.696262 0.223438 0.695093 0.222656 0.693925 0.221875 0.692757 0.221094 0.691589 0.221094 0.689252 0.221094 0.686916 0.221094 0.684579 0.221094 0.682243 0.221094 0.679907 0.220312 0.678738 0.219531 0.677570 0.219531 0.675234 0.219531 0.672897 0.219531 0.670561 0.219531 0.668224 0.219531 0.665888 0.219531 0.663551 0.219531 0.661215 0.219531 0.658879 0.219531 0.656542 0.219531 0.654206 0.219531 0.651869 0.219531 0.649533 0.219531 0.647196 0.219531 0.644860 0.219531 0.642523 0.219531 0.640187 0.220312 0.639019 0.221094 0.637850 0.221094 0.635514 0.221094 0.633178 0.221094 0.630841 0.221094 0.628505 0.221094 0.626168 0.221094 0.623832 0.221094 0.621495 0.221094 0.619159 0.221094 0.616822 0.221094 0.614486 0.221094 0.612150 0.221094 0.609813 0.221094 0.607477 0.221094 0.605140 0.221875 0.603972 0.222656 0.602804 0.222656 0.600467 0.222656 0.598131 0.222656 0.595794 0.222656 0.593458 0.222656 0.591121 0.222656 0.588785 0.222656 0.586449 0.222656 0.584112 0.222656 0.581776 0.222656 0.579439 0.222656 0.577103 0.222656 0.574766 0.222656 0.572430 0.222656 0.570093 0.223438 0.568925 0.224219 0.567757 0.224219 0.565421 0.224219 0.563084 0.224219 0.560748 0.224219 0.558411 0.224219 0.556075 0.224219 0.553738 0.224219 0.551402 0.224219 0.549065 0.224219 0.546729 0.224219 0.544393 0.224219 0.542056 0.224219 0.539720 0.225000 0.538551 0.225781 0.537383 0.225781 0.535047 0.225781 0.532710 0.225781 0.530374 0.225781 0.528037 0.225781 0.525701 0.225781 0.523364 0.225781 0.521028 0.225781 0.518692 0.225781 0.516355 0.225781 0.514019 0.225781 0.511682 0.225781 0.509346 0.225781 0.507009 0.225781 0.504673 0.226562 0.503505 0.227344 0.502336 0.227344 0.500000 0.227344 0.497664 0.227344 0.495327 0.227344 0.492991 0.227344 0.490654 0.227344 0.488318 0.227344 0.485981 0.227344 0.483645 0.227344 0.481308 0.227344 0.478972 0.227344 0.476636 0.227344 0.474299 0.227344 0.471963 0.227344 0.469626 0.228125 0.468458 0.228906 0.467290 0.228906 0.464953 0.228906 0.462617 0.228906 0.460280 0.228906 0.457944 0.228906 0.455607 0.228906 0.453271 0.228906 0.450935 0.228906 0.448598 0.228906 0.446262 0.228906 0.443925 0.228906 0.441589 0.228906 0.439252 0.228906 0.436916 0.228906 0.434579 0.228906 0.432243 0.229687 0.431075 0.230469 0.429907 0.230469 0.427570 0.230469 0.425234 0.230469 0.422897 0.230469 0.420561 0.230469 0.418224 0.230469 0.415888 0.230469 0.413551 0.231250 0.412383 0.232031 0.411215 0.232031 0.408879 0.232031 0.406542 0.232813 0.405374 0.233594 0.404206 0.233594 0.401869 0.233594 0.399533 0.233594 0.397196 0.234375 0.396028 0.235156 0.394860 0.235156 0.392523 0.235937 0.391355 0.236719 0.390187 0.236719 0.387850 0.237500 0.386682 0.238281 0.385514 0.238281 0.383178 0.238281 0.380841 0.238281 0.378505 0.239063 0.377336 0.239844 0.376168 0.239844 0.373832 0.239844 0.371495 0.239844 0.369159 0.240625 0.367991 0.241406 0.366822 0.241406 0.364486 0.241406 0.362150 0.242188 0.360981 0.242969 0.359813 0.242969 0.357477 0.242969 0.355140 0.243750 0.353972 0.244531 0.352804 0.244531 0.350467 0.245312 0.349299 0.246094 0.348131 0.246094 0.345794 0.246875 0.344626 0.247656 0.343458 0.247656 0.341121 0.248438 0.339953 0.249219 0.338785 0.250000 0.337617 0.250781 0.336449 0.250781 0.334112 0.250781 0.331776 0.251563 0.330607 0.252344 0.329439 0.252344 0.327103 0.253125 0.325935 0.253906 0.324766 0.253906 0.322430 0.253906 0.320093 0.254688 0.318925 0.255469 0.317757 0.255469 0.315421 0.256250 0.314252 0.257031 0.313084 0.257031 0.310748 0.257812 0.309579 0.258594 0.308411 0.258594 0.306075 0.259375 0.304907 0.260156 0.303738 0.260937 0.302570 0.261719 0.301402 0.261719 0.299065 0.262500 0.297897 0.263281 0.296729 0.263281 0.294393 0.264062 0.293224 0.264844 0.292056 0.264844 0.289720 0.265625 0.288551 0.266406 0.287383 0.266406 0.285047 0.267188 0.283879 0.267969 0.282710 0.268750 0.281542 0.269531 0.280374 0.270313 0.279206 0.271094 0.278037 0.271875 0.276869 0.272656 0.275701 0.273438 0.274533 0.274219 0.273364 0.275000 0.272196 0.275781 0.271028 0.276562 0.269860 0.277344 0.268692 0.277344 0.266355 0.278125 0.265187 0.278906 0.264019 0.279687 0.262850 0.281250 0.262850 0.282031 0.261682 0.282813 0.260514 0.283594 0.259346 0.284375 0.258178 0.285938 0.258178 0.286719 0.257009 0.287500 0.255841 0.288281 0.254673 0.289062 0.253505 0.290625 0.253505 0.291406 0.252336 0.292187 0.251168 0.292969 0.250000 0.293750 0.248832 0.295312 0.248832 0.296875 0.248832 0.297656 0.247664 0.298438 0.246495 0.300000 0.246495 0.301563 0.246495 0.302344 0.245327 0.303125 0.244159 0.304688 0.244159 0.306250 0.244159 0.307812 0.244159 0.309375 0.244159 0.310937 0.244159 0.312500 0.244159 0.314063 0.244159 0.315625 0.244159 0.316406 0.242991 0.317188 0.241822 0.318750 0.241822 0.320312 0.241822 0.321875 0.241822 0.323437 0.241822 0.325000 0.241822 0.326562 0.241822 0.328125 0.241822 0.329688 0.241822 0.331250 0.241822 0.332813 0.241822 0.334375 0.241822 0.335938 0.241822 0.337500 0.241822 0.339062 0.241822 0.340625 0.241822 0.342187 0.241822 0.343750 0.241822 0.345313 0.241822 0.346875 0.241822 0.348438 0.241822 0.350000 0.241822 0.351562 0.241822 0.353125 0.241822 0.354687 0.241822 0.356250 0.241822 0.357812 0.241822 0.359375 0.241822 0.360938 0.241822 0.362500 0.241822 0.364063 0.241822 0.365625 0.241822 0.367188 0.241822 0.368750 0.241822 0.370312 0.241822 0.371875 0.241822 0.373437 0.241822 0.375000 0.241822 0.376563 0.241822 0.378125 0.241822 0.379688 0.241822 0.381250 0.241822 0.382812 0.241822 0.384375 0.241822 0.385937 0.241822 0.387500 0.241822 0.389062 0.241822 0.390625 0.241822 0.392188 0.241822 0.393750 0.241822 0.395313 0.241822 0.396875 0.241822 0.398438 0.241822 0.400000 0.241822 0.401562 0.241822 0.403125 0.241822 0.404687 0.241822 0.406250 0.241822 0.407813 0.241822 0.409375 0.241822 0.410938 0.241822 0.412500 0.241822 0.414062 0.241822 0.415625 0.241822 0.417187 0.241822 0.418750 0.241822 0.420312 0.241822 0.421875 0.241822 0.422656 0.242991 0.423438 0.244159 0.425000 0.244159 0.426563 0.244159 0.428125 0.244159 0.429688 0.244159 0.431250 0.244159 0.432812 0.244159 0.434375 0.244159 0.435937 0.244159 0.437500 0.244159 0.439063 0.244159 0.440625 0.244159 0.442188 0.244159 0.442969 0.245327 0.443750 0.246495 0.445312 0.246495 0.446875 0.246495 0.448437 0.246495 0.450000 0.246495 0.451562 0.246495 0.453125 0.246495 0.454688 0.246495 0.456250 0.246495 0.457813 0.246495 0.459375 0.246495 0.460938 0.246495 0.462500 0.246495 0.464062 0.246495 0.465625 0.246495 0.467187 0.246495 0.467969 0.247664 0.468750 0.248832 0.470313 0.248832 0.471875 0.248832 0.473438 0.248832 0.475000 0.248832 0.476562 0.248832 0.478125 0.248832 0.479687 0.248832 0.480469 0.250000 0.481250 0.251168 0.482812 0.251168 0.484375 0.251168 0.485938 0.251168 0.486719 0.250000 0.487500 0.248832 0.489063 0.248832 0.490625 0.248832 0.492188 0.248832 0.493750 0.248832 0.495312 0.248832 0.496094 0.250000 0.496875 0.251168 0.498437 0.251168 0.500000 0.251168 0.501563 0.251168 0.503125 0.251168 0.503906 0.252336 0.503906 0.254673 0.504687 0.255841 0.505469 0.257009 0.505469 0.259346 0.506250 0.260514 0.507031 0.261682 0.507031 0.264019 0.507031 0.266355 0.507812 0.267523 0.508594 0.268692 0.508594 0.271028 0.508594 0.273364 0.508594 0.275701 0.508594 0.278037 0.508594 0.280374 0.508594 0.282710 0.508594 0.285047 0.508594 0.287383 0.508594 0.289720 0.508594 0.292056 0.508594 0.294393 0.508594 0.296729 0.508594 0.299065 0.508594 0.301402 0.508594 0.303738 0.508594 0.306075 0.508594 0.308411 0.508594 0.310748 0.508594 0.313084 0.508594 0.315421 0.508594 0.317757 0.508594 0.320093 0.508594 0.322430 0.508594 0.324766 0.508594 0.327103 0.508594 0.329439 0.508594 0.331776 0.508594 0.334112 0.508594 0.336449 0.508594 0.338785 0.508594 0.341121 0.508594 0.343458 0.508594 0.345794 0.508594 0.348131 0.508594 0.350467 0.508594 0.352804 0.508594 0.355140 0.508594 0.357477 0.508594 0.359813 0.508594 0.362150 0.508594 0.364486 0.508594 0.366822 0.508594 0.369159 0.508594 0.371495 0.508594 0.373832 0.508594 0.376168 0.508594 0.378505 0.508594 0.380841 0.508594 0.383178 0.508594 0.385514 0.508594 0.387850 0.508594 0.390187 0.508594 0.392523 0.508594 0.394860 0.508594 0.397196 0.508594 0.399533 0.508594 0.401869 0.508594 0.404206 0.508594 0.406542 0.508594 0.408879 0.508594 0.411215 0.508594 0.413551 0.508594 0.415888 0.508594 0.418224 0.508594 0.420561 0.508594 0.422897 0.508594 0.425234 0.508594 0.427570 0.508594 0.429907 0.508594 0.432243 0.508594 0.434579 0.508594 0.436916 0.508594 0.439252 0.508594 0.441589 0.508594 0.443925 0.508594 0.446262 0.508594 0.448598 0.508594 0.450935 0.508594 0.453271 0.508594 0.455607 0.508594 0.457944 0.508594 0.460280 0.508594 0.462617 0.508594 0.464953 0.508594 0.467290 0.508594 0.469626 0.508594 0.471963 0.508594 0.474299 0.508594 0.476636 0.508594 0.478972 0.508594 0.481308 0.508594 0.483645 0.508594 0.485981 0.508594 0.488318 0.508594 0.490654 0.508594 0.492991 0.508594 0.495327 0.508594 0.497664 0.508594 0.500000 0.508594 0.502336 0.508594 0.504673 0.508594 0.507009 0.508594 0.509346 0.508594 0.511682 0.508594 0.514019 0.508594 0.516355 0.508594 0.518692 0.508594 0.521028 0.508594 0.523364 0.508594 0.525701 0.508594 0.528037 0.508594 0.530374 0.508594 0.532710 0.508594 0.535047 0.508594 0.537383 0.508594 0.539720 0.508594 0.542056 0.508594 0.544393 0.508594 0.546729 0.508594 0.549065 0.508594 0.551402 0.508594 0.553738 0.508594 0.556075 0.508594 0.558411 0.508594 0.560748 0.508594 0.563084 0.508594 0.565421 0.508594 0.567757 0.508594 0.570093 0.508594 0.572430 0.508594 0.574766 0.508594 0.577103 0.508594 0.579439 0.508594 0.581776 0.508594 0.584112 0.508594 0.586449 0.508594 0.588785 0.508594 0.591121 0.508594 0.593458 0.508594 0.595794 0.508594 0.598131 0.508594 0.600467 0.508594 0.602804 0.508594 0.605140 0.508594 0.607477 0.508594 0.609813 0.508594 0.612150 0.508594 0.614486 0.508594 0.616822 0.508594 0.619159 0.508594 0.621495 0.508594 0.623832 0.508594 0.626168 0.508594 0.628505 0.508594 0.630841 0.508594 0.633178 0.508594 0.635514 0.508594 0.637850 0.508594 0.640187 0.508594 0.642523 0.508594 0.644860 0.508594 0.647196 0.508594 0.649533 0.508594 0.651869 0.508594 0.654206 0.508594 0.656542 0.508594 0.658879 0.508594 0.661215 0.508594 0.663551 0.508594 0.665888 0.508594 0.668224 0.508594 0.670561 0.508594 0.672897 0.508594 0.675234 0.508594 0.677570 0.508594 0.679907 0.508594 0.682243 0.508594 0.684579 0.508594 0.686916 0.508594 0.689252 0.508594 0.691589 0.508594 0.693925 0.508594 0.696262 0.508594 0.698598 0.508594 0.700935 0.508594 0.703271 0.508594 0.705607 0.508594 0.707944 0.508594 0.710280 0.508594 0.712617 0.508594 0.714953 0.508594 0.717290 0.508594 0.719626 0.508594 0.721963 0.508594 0.724299 0.508594 0.726636 0.508594 0.728972 0.508594 0.731308 0.508594 0.733645 0.508594 0.735981 0.508594 0.738318 0.508594 0.740654 0.508594 0.742991 0.508594 0.745327 0.507812 0.746495 0.507031 0.747664 0.506250 0.748832 0.505469 0.750000 0.504687 0.751168 0.503906 0.752336 0.503125 0.753505
1 0.876563 0.575935 0.875000 0.575935 0.873437 0.575935 0.871875 0.575935 0.870313 0.575935 0.868750 0.575935 0.867969 0.574766 0.867969 0.572430 0.867969 0.570093 0.867969 0.567757 0.867969 0.565421 0.867969 0.563084 0.867969 0.560748 0.867969 0.558411 0.867969 0.556075 0.867969 0.553738 0.867969 0.551402 0.867969 0.549065 0.867969 0.546729 0.868750 0.545561 0.869531 0.544393 0.869531 0.542056 0.870313 0.540888 0.871875 0.540888 0.873437 0.540888 0.875000 0.540888 0.875781 0.542056 0.875781 0.544393 0.875781 0.546729 0.875781 0.549065 0.875781 0.551402 0.875781 0.553738 0.876563 0.554907 0.877344 0.556075 0.877344 0.558411 0.877344 0.560748 0.877344 0.563084 0.877344 0.565421 0.877344 0.567757 0.877344 0.570093 0.877344 0.572430 0.877344 0.574766 0.876563 0.575935
1 0.943750 0.573598 0.942187 0.573598 0.940625 0.573598 0.939063 0.573598 0.937500 0.573598 0.936719 0.572430 0.935937 0.571262 0.935156 0.570093 0.934375 0.568925 0.932813 0.568925 0.932031 0.567757 0.932031 0.565421 0.932031 0.563084 0.932031 0.560748 0.932031 0.558411 0.932813 0.557243 0.933594 0.556075 0.933594 0.553738 0.934375 0.552570 0.935156 0.551402 0.935156 0.549065 0.935156 0.546729 0.935937 0.545561 0.936719 0.544393 0.937500 0.543224 0.939063 0.543224 0.939844 0.544393 0.940625 0.545561 0.941406 0.546729 0.942187 0.547897 0.942969 0.549065 0.943750 0.550234 0.944531 0.551402 0.944531 0.553738 0.945312 0.554907 0.946094 0.556075 0.946094 0.558411 0.945312 0.559579 0.944531 0.560748 0.944531 0.563084 0.944531 0.565421 0.944531 0.567757 0.944531 0.570093 0.944531 0.572430 0.943750 0.573598
2 0.898438 0.669393 0.896875 0.669393 0.896094 0.668224 0.895312 0.667056 0.894531 0.665888 0.893750 0.664720 0.892969 0.663551 0.892969 0.661215 0.892188 0.660047 0.890625 0.660047 0.889062 0.660047 0.888281 0.661215 0.888281 0.663551 0.887500 0.664720 0.886719 0.665888 0.885938 0.667056 0.885156 0.668224 0.884375 0.669393 0.882812 0.669393 0.882031 0.668224 0.881250 0.667056 0.880469 0.665888 0.880469 0.663551 0.881250 0.662383 0.882031 0.661215 0.882031 0.658879 0.882031 0.656542 0.882031 0.654206 0.882031 0.651869 0.882031 0.649533 0.882031 0.647196 0.882031 0.644860 0.882031 0.642523 0.882812 0.641355 0.883594 0.640187 0.883594 0.637850 0.883594 0.635514 0.884375 0.634346 0.885156 0.633178 0.885156 0.630841 0.885938 0.629673 0.886719 0.628505 0.886719 0.626168 0.887500 0.625000 0.889062 0.625000 0.890625 0.625000 0.891406 0.626168 0.891406 0.628505 0.892188 0.629673 0.892969 0.630841 0.892969 0.633178 0.892969 0.635514 0.893750 0.636682 0.895312 0.636682 0.896094 0.637850 0.896094 0.640187 0.896094 0.642523 0.896875 0.643692 0.897656 0.644860 0.897656 0.647196 0.897656 0.649533 0.897656 0.651869 0.897656 0.654206 0.898438 0.655374 0.899219 0.656542 0.899219 0.658879 0.899219 0.661215 0.899219 0.663551 0.899219 0.665888 0.899219 0.668224 0.898438 0.669393
1 0.910937 0.575935 0.909375 0.575935 0.907813 0.575935 0.906250 0.575935 0.905469 0.574766 0.905469 0.572430 0.905469 0.570093 0.904687 0.568925 0.903906 0.567757 0.903906 0.565421 0.903906 0.563084 0.903906 0.560748 0.903906 0.558411 0.903906 0.556075 0.904687 0.554907 0.905469 0.553738 0.906250 0.552570 0.907031 0.551402 0.907031 0.549065 0.907813 0.547897 0.908594 0.546729 0.909375 0.545561 0.910937 0.545561 0.912500 0.545561 0.913281 0.546729 0.913281 0.549065 0.914062 0.550234 0.914844 0.551402 0.914844 0.553738 0.914844 0.556075 0.914844 0.558411 0.915625 0.559579 0.916406 0.560748 0.916406 0.563084 0.917188 0.564252 0.917969 0.565421 0.917969 0.567757 0.917969 0.570093 0.917969 0.572430 0.917188 0.573598 0.915625 0.573598 0.914062 0.573598 0.912500 0.573598 0.911719 0.574766 0.910937 0.575935
