62 0.439063 0.988542 0.437500 0.988542 0.435937 0.988542 0.434375 0.988542 0.432812 0.988542 0.431250 0.988542 0.429688 0.988542 0.428125 0.988542 0.426563 0.988542 0.425000 0.988542 0.423438 0.988542 0.421875 0.988542 0.420312 0.988542 0.418750 0.988542 0.417187 0.988542 0.415625 0.988542 0.414062 0.988542 0.412500 0.988542 0.410938 0.988542 0.409375 0.988542 0.407813 0.988542 0.406250 0.988542 0.404687 0.988542 0.403125 0.988542 0.401562 0.988542 0.400000 0.988542 0.398438 0.988542 0.396875 0.988542 0.395313 0.988542 0.393750 0.988542 0.392188 0.988542 0.390625 0.988542 0.389062 0.988542 0.387500 0.988542 0.385937 0.988542 0.384375 0.988542 0.382812 0.988542 0.381250 0.988542 0.379688 0.988542 0.378906 0.987500 0.378125 0.986458 0.376563 0.986458 0.375000 0.986458 0.373437 0.986458 0.371875 0.986458 0.371094 0.987500 0.370312 0.988542 0.368750 0.988542 0.367188 0.988542 0.365625 0.988542 0.364063 0.988542 0.362500 0.988542 0.360938 0.988542 0.359375 0.988542 0.357812 0.988542 0.356250 0.988542 0.354687 0.988542 0.353125 0.988542 0.351562 0.988542 0.350000 0.988542 0.348438 0.988542 0.346875 0.988542 0.345313 0.988542 0.343750 0.988542 0.342187 0.988542 0.340625 0.988542 0.339062 0.988542 0.337500 0.988542 0.335938 0.988542 0.334375 0.988542 0.332813 0.988542 0.331250 0.988542 0.329688 0.988542 0.328125 0.988542 0.326562 0.988542 0.325000 0.988542 0.323437 0.988542 0.321875 0.988542 0.320312 0.988542 0.318750 0.988542 0.317188 0.988542 0.315625 0.988542 0.314063 0.988542 0.312500 0.988542 0.310937 0.988542 0.309375 0.988542 0.307812 0.988542 0.306250 0.988542 0.304688 0.988542 0.303125 0.988542 0.301563 0.988542 0.300000 0.988542 0.298438 0.988542 0.296875 0.988542 0.295312 0.988542 0.293750 0.988542 0.292187 0.988542 0.290625 0.988542 0.289062 0.988542 0.287500 0.988542 0.285938 0.988542 0.284375 0.988542 0.282813 0.988542 0.281250 0.988542 0.279687 0.988542 0.278906 0.987500 0.278125 0.986458 0.276562 0.986458 0.275000 0.986458 0.273438 0.986458 0.271875 0.986458 0.270313 0.986458 0.268750 0.986458 0.267188 0.986458 0.265625 0.986458 0.264062 0.986458 0.262500 0.986458 0.260937 0.986458 0.259375 0.986458 0.257812 0.986458 0.256250 0.986458 0.254688 0.986458 0.253125 0.986458 0.252344 0.985417 0.252344 0.983333 0.252344 0.981250 0.252344 0.979167 0.252344 0.977083 0.252344 0.975000 0.253125 0.973958 0.253906 0.972917 0.253906 0.970833 0.254688 0.969792 0.255469 0.968750 0.255469 0.966667 0.256250 0.965625 0.257031 0.964583 0.257031 0.962500 0.257812 0.961458 0.258594 0.960417 0.258594 0.958333 0.258594 0.956250 0.259375 0.955208 0.260156 0.954167 0.260156 0.952083 0.260937 0.951042 0.261719 0.950000 0.262500 0.948958 0.263281 0.947917 0.264062 0.946875 0.264844 0.945833 0.264844 0.943750 0.264844 0.941667 0.264844 0.939583 0.265625 0.938542 0.266406 0.937500 0.266406 0.935417 0.266406 0.933333 0.267188 0.932292 0.267969 0.931250 0.268750 0.930208 0.269531 0.929167 0.270313 0.928125 0.271094 0.927083 0.271875 0.926042 0.272656 0.925000 0.272656 0.922917 0.273438 0.921875 0.274219 0.920833 0.274219 0.918750 0.275000 0.917708 0.275781 0.916667 0.276562 0.915625 0.278125 0.915625 0.278906 0.914583 0.279687 0.913542 0.280469 0.912500 0.280469 0.910417 0.281250 0.909375 0.282031 0.908333 0.282813 0.907292 0.283594 0.906250 0.284375 0.905208 0.285156 0.904167 0.285938 0.903125 0.286719 0.902083 0.287500 0.901042 0.288281 0.900000 0.289062 0.898958 0.289844 0.897917 0.290625 0.896875 0.291406 0.895833 0.291406 0.893750 0.292187 0.892708 0.293750 0.892708 0.294531 0.891667 0.295312 0.890625 0.296094 0.889583 0.296875 0.888542 0.297656 0.887500 0.298438 0.886458 0.300000 0.886458 0.300781 0.885417 0.301563 0.884375 0.302344 0.883333 0.303125 0.882292 0.304688 0.882292 0.305469 0.881250 0.306250 0.880208 0.307031 0.879167 0.307812 0.878125 0.308594 0.877083 0.309375 0.876042 0.310937 0.876042 0.311719 0.875000 0.312500 0.873958 0.314063 0.873958 0.314844 0.872917 0.315625 0.871875 0.316406 0.870833 0.317188 0.869792 0.318750 0.869792 0.319531 0.868750 0.320312 0.867708 0.321875 0.867708 0.322656 0.866667 0.323437 0.865625 0.325000 0.865625 0.325781 0.864583 0.326562 0.863542 0.328125 0.863542 0.329688 0.863542 0.330469 0.862500 0.331250 0.861458 0.332813 0.861458 0.334375 0.861458 0.335156 0.860417 0.335938 0.859375 0.337500 0.859375 0.339062 0.859375 0.339844 0.858333 0.340625 0.857292 0.342187 0.857292 0.343750 0.857292 0.345313 0.857292 0.346094 0.856250 0.346875 0.855208 0.348438 0.855208 0.350000 0.855208 0.351562 0.855208 0.353125 0.855208 0.354687 0.855208 0.356250 0.855208 0.357812 0.855208 0.359375 0.855208 0.360938 0.855208 0.362500 0.855208 0.364063 0.855208 0.364844 0.854167 0.365625 0.853125 0.367188 0.853125 0.368750 0.853125 0.370312 0.853125 0.371875 0.853125 0.373437 0.853125 0.375000 0.853125 0.376563 0.853125 0.378125 0.853125 0.379688 0.853125 0.381250 0.853125 0.382812 0.853125 0.384375 0.853125 0.385156 0.854167 0.385937 0.855208 0.387500 0.855208 0.389062 0.855208 0.390625 0.855208 0.392188 0.855208 0.393750 0.855208 0.395313 0.855208 0.396875 0.855208 0.398438 0.855208 0.399219 0.856250 0.400000 0.857292 0.401562 0.857292 0.402344 0.858333 0.403125 0.859375 0.404687 0.859375 0.406250 0.859375 0.407031 0.860417 0.407813 0.861458 0.409375 0.861458 0.410156 0.862500 0.410938 0.863542 0.412500 0.863542 0.413281 0.864583 0.414062 0.865625 0.415625 0.865625 0.416406 0.866667 0.417187 0.867708 0.418750 0.867708 0.419531 0.868750 0.420312 0.869792 0.421094 0.870833 0.421875 0.871875 0.423438 0.871875 0.424219 0.872917 0.425000 0.873958 0.425781 0.875000 0.426563 0.876042 0.427344 0.877083 0.428125 0.878125 0.428906 0.879167 0.429688 0.880208 0.431250 0.880208 0.432031 0.881250 0.432812 0.882292 0.433594 0.883333 0.434375 0.884375 0.435156 0.885417 0.435937 0.886458 0.437500 0.886458 0.438281 0.887500 0.439063 0.888542 0.439844 0.889583 0.440625 0.890625 0.441406 0.891667 0.442188 0.892708 0.442969 0.893750 0.443750 0.894792 0.444531 0.895833 0.444531 0.897917 0.445312 0.898958 0.446094 0.900000 0.446875 0.901042 0.448437 0.901042 0.449219 0.902083 0.450000 0.903125 0.450781 0.904167 0.450781 0.906250 0.451562 0.907292 0.452344 0.908333 0.452344 0.910417 0.453125 0.911458 0.453906 0.912500 0.454688 0.913542 0.455469 0.914583 0.456250 0.915625 0.457031 0.916667 0.457813 0.917708 0.458594 0.918750 0.458594 0.920833 0.458594 0.922917 0.459375 0.923958 0.460156 0.925000 0.460156 0.927083 0.460938 0.928125 0.461719 0.929167 0.461719 0.931250 0.462500 0.932292 0.463281 0.933333 0.464062 0.934375 0.464844 0.935417 0.464844 0.937500 0.465625 0.938542 0.466406 0.939583 0.466406 0.941667 0.467187 0.942708 0.467969 0.943750 0.467969 0.945833 0.468750 0.946875 0.469531 0.947917 0.469531 0.950000 0.470313 0.951042 0.471094 0.952083 0.471875 0.953125 0.472656 0.954167 0.472656 0.956250 0.473438 0.957292 0.474219 0.958333 0.474219 0.960417 0.474219 0.962500 0.474219 0.964583 0.474219 0.966667 0.474219 0.968750 0.474219 0.970833 0.475000 0.971875 0.475781 0.972917 0.475000 0.973958 0.474219 0.975000 0.474219 0.977083 0.474219 0.979167 0.474219 0.981250 0.474219 0.983333 0.474219 0.985417 0.473438 0.986458 0.471875 0.986458 0.470313 0.986458 0.468750 0.986458 0.467187 0.986458 0.465625 0.986458 0.464062 0.986458 0.462500 0.986458 0.460938 0.986458 0.459375 0.986458 0.457813 0.986458 0.456250 0.986458 0.454688 0.986458 0.453125 0.986458 0.451562 0.986458 0.450000 0.986458 0.448437 0.986458 0.446875 0.986458 0.445312 0.986458 0.443750 0.986458 0.442188 0.986458 0.440625 0.986458 0.439844 0.987500 0.439063 0.988542
82 0.712500 0.611458 0.710938 0.611458 0.709375 0.611458 0.708594 0.610417 0.707812 0.609375 0.706250 0.609375 0.705469 0.608333 0.704688 0.607292 0.703906 0.606250 0.703125 0.605208 0.701562 0.605208 0.700781 0.604167 0.700000 0.603125 0.699219 0.602083 0.698438 0.601042 0.697656 0.600000 0.696875 0.598958 0.696094 0.597917 0.695312 0.596875 0.694531 0.595833 0.693750 0.594792 0.692187 0.594792 0.690625 0.594792 0.689063 0.594792 0.687500 0.594792 0.685937 0.594792 0.684375 0.594792 0.682813 0.594792 0.682031 0.593750 0.681250 0.592708 0.679688 0.592708 0.678125 0.592708 0.677344 0.591667 0.677344 0.589583 0.676562 0.588542 0.675781 0.587500 0.675781 0.585417 0.675000 0.584375 0.674219 0.583333 0.674219 0.581250 0.674219 0.579167 0.674219 0.577083 0.674219 0.575000 0.674219 0.572917 0.674219 0.570833 0.674219 0.568750 0.673438 0.567708 0.672656 0.566667 0.672656 0.564583 0.672656 0.562500 0.672656 0.560417 0.672656 0.558333 0.672656 0.556250 0.672656 0.554167 0.672656 0.552083 0.672656 0.550000 0.672656 0.547917 0.672656 0.545833 0.672656 0.543750 0.672656 0.541667 0.672656 0.539583 0.672656 0.537500 0.672656 0.535417 0.672656 0.533333 0.672656 0.531250 0.672656 0.529167 0.672656 0.527083 0.672656 0.525000 0.672656 0.522917 0.672656 0.520833 0.672656 0.518750 0.672656 0.516667 0.672656 0.514583 0.672656 0.512500 0.672656 0.510417 0.672656 0.508333 0.672656 0.506250 0.672656 0.504167 0.672656 0.502083 0.672656 0.500000 0.672656 0.497917 0.672656 0.495833 0.672656 0.493750 0.672656 0.491667 0.672656 0.489583 0.672656 0.487500 0.672656 0.485417 0.672656 0.483333 0.672656 0.481250 0.672656 0.479167 0.672656 0.477083 0.672656 0.475000 0.672656 0.472917 0.672656 0.470833 0.672656 0.468750 0.672656 0.466667 0.672656 0.464583 0.672656 0.462500 0.672656 0.460417 0.672656 0.458333 0.672656 0.456250 0.672656 0.454167 0.672656 0.452083 0.672656 0.450000 0.672656 0.447917 0.672656 0.445833 0.672656 0.443750 0.672656 0.441667 0.672656 0.439583 0.672656 0.437500 0.672656 0.435417 0.672656 0.433333 0.672656 0.431250 0.672656 0.429167 0.672656 0.427083 0.672656 0.425000 0.672656 0.422917 0.672656 0.420833 0.672656 0.418750 0.672656 0.416667 0.672656 0.414583 0.672656 0.412500 0.672656 0.410417 0.672656 0.408333 0.672656 0.406250 0.672656 0.404167 0.671875 0.403125 0.671094 0.402083 0.671094 0.400000 0.671094 0.397917 0.671094 0.395833 0.671094 0.393750 0.671094 0.391667 0.671094 0.389583 0.671094 0.387500 0.671094 0.385417 0.671094 0.383333 0.671094 0.381250 0.671094 0.379167 0.671094 0.377083 0.671094 0.375000 0.671094 0.372917 0.671094 0.370833 0.671875 0.369792 0.672656 0.368750 0.672656 0.366667 0.673438 0.365625 0.674219 0.364583 0.675000 0.363542 0.676562 0.363542 0.677344 0.362500 0.678125 0.361458 0.679688 0.361458 0.681250 0.361458 0.682813 0.361458 0.684375 0.361458 0.685937 0.361458 0.687500 0.361458 0.689063 0.361458 0.690625 0.361458 0.692187 0.361458 0.693750 0.361458 0.695312 0.361458 0.696875 0.361458 0.698438 0.361458 0.700000 0.361458 0.701562 0.361458 0.703125 0.361458 0.704688 0.361458 0.706250 0.361458 0.707812 0.361458 0.709375 0.361458 0.710938 0.361458 0.712500 0.361458 0.714063 0.361458 0.715625 0.361458 0.717187 0.361458 0.718750 0.361458 0.720313 0.361458 0.721875 0.361458 0.723437 0.361458 0.725000 0.361458 0.726562 0.361458 0.728125 0.361458 0.729688 0.361458 0.731250 0.361458 0.732812 0.361458 0.734375 0.361458 0.735938 0.361458 0.737500 0.361458 0.739062 0.361458 0.740625 0.361458 0.742188 0.361458 0.743750 0.361458 0.745313 0.361458 0.746875 0.361458 0.748437 0.361458 0.750000 0.361458 0.751563 0.361458 0.753125 0.361458 0.754687 0.361458 0.756250 0.361458 0.757812 0.361458 0.759375 0.361458 0.760938 0.361458 0.762500 0.361458 0.763281 0.362500 0.764062 0.363542 0.765625 0.363542 0.766406 0.364583 0.767188 0.365625 0.768750 0.365625 0.769531 0.366667 0.770312 0.367708 0.771094 0.368750 0.771875 0.369792 0.772656 0.370833 0.773438 0.371875 0.774219 0.372917 0.775000 0.373958 0.776563 0.373958 0.777344 0.375000 0.778125 0.376042 0.779687 0.376042 0.780469 0.377083 0.781250 0.378125 0.782813 0.378125 0.784375 0.378125 0.785156 0.379167 0.785937 0.380208 0.787500 0.380208 0.789062 0.380208 0.789844 0.381250 0.790625 0.382292 0.791406 0.383333 0.792188 0.384375 0.793750 0.384375 0.795312 0.384375 0.796094 0.385417 0.796875 0.386458 0.798438 0.386458 0.799219 0.387500 0.799219 0.389583 0.800000 0.390625 0.800781 0.391667 0.801562 0.392708 0.802344 0.393750 0.802344 0.395833 0.802344 0.397917 0.802344 0.400000 0.801562 0.401042 0.800781 0.402083 0.800781 0.404167 0.800781 0.406250 0.800000 0.407292 0.799219 0.408333 0.799219 0.410417 0.799219 0.412500 0.799219 0.414583 0.799219 0.416667 0.798438 0.417708 0.797656 0.418750 0.797656 0.420833 0.796875 0.421875 0.796094 0.422917 0.795312 0.423958 0.794531 0.425000 0.794531 0.427083 0.794531 0.429167 0.793750 0.430208 0.792969 0.431250 0.792969 0.433333 0.792969 0.435417 0.792969 0.437500 0.792969 0.439583 0.792969 0.441667 0.792969 0.443750 0.792969 0.445833 0.792969 0.447917 0.792969 0.450000 0.792188 0.451042 0.791406 0.452083 0.791406 0.454167 0.791406 0.456250 0.791406 0.458333 0.790625 0.459375 0.789844 0.460417 0.789844 0.462500 0.789062 0.463542 0.788281 0.464583 0.788281 0.466667 0.787500 0.467708 0.786719 0.468750 0.785937 0.469792 0.784375 0.469792 0.783594 0.470833 0.782813 0.471875 0.782031 0.472917 0.781250 0.473958 0.780469 0.475000 0.779687 0.476042 0.778906 0.477083 0.778125 0.478125 0.777344 0.479167 0.777344 0.481250 0.777344 0.483333 0.776563 0.484375 0.775781 0.485417 0.775781 0.487500 0.775781 0.489583 0.775781 0.491667 0.775781 0.493750 0.775781 0.495833 0.775781 0.497917 0.775781 0.500000 0.775781 0.502083 0.776563 0.503125 0.777344 0.504167 0.777344 0.506250 0.777344 0.508333 0.777344 0.510417 0.778125 0.511458 0.778906 0.512500 0.778906 0.514583 0.779687 0.515625 0.780469 0.516667 0.781250 0.517708 0.782031 0.518750 0.782813 0.519792 0.783594 0.520833 0.784375 0.521875 0.785156 0.522917 0.785937 0.523958 0.786719 0.525000 0.787500 0.526042 0.788281 0.527083 0.788281 0.529167 0.789062 0.530208 0.789844 0.531250 0.789844 0.533333 0.790625 0.534375 0.791406 0.535417 0.792188 0.536458 0.792969 0.537500 0.793750 0.538542 0.794531 0.539583 0.794531 0.541667 0.795312 0.542708 0.796094 0.543750 0.796875 0.544792 0.797656 0.545833 0.797656 0.547917 0.797656 0.550000 0.797656 0.552083 0.797656 0.554167 0.797656 0.556250 0.798438 0.557292 0.799219 0.558333 0.799219 0.560417 0.799219 0.562500 0.800000 0.563542 0.800781 0.564583 0.800781 0.566667 0.800781 0.568750 0.800000 0.569792 0.799219 0.570833 0.799219 0.572917 0.799219 0.575000 0.799219 0.577083 0.799219 0.579167 0.799219 0.581250 0.799219 0.583333 0.799219 0.585417 0.798438 0.586458 0.797656 0.587500 0.797656 0.589583 0.797656 0.591667 0.797656 0.593750 0.797656 0.595833 0.797656 0.597917 0.796875 0.598958 0.796094 0.600000 0.795312 0.601042 0.794531 0.602083 0.793750 0.603125 0.792188 0.603125 0.791406 0.604167 0.790625 0.605208 0.789062 0.605208 0.787500 0.605208 0.786719 0.606250 0.785937 0.607292 0.784375 0.607292 0.783594 0.608333 0.782813 0.609375 0.781250 0.609375 0.779687 0.609375 0.778125 0.609375 0.777344 0.608333 0.776563 0.607292 0.775000 0.607292 0.773438 0.607292 0.771875 0.607292 0.770312 0.607292 0.768750 0.607292 0.767969 0.606250 0.767188 0.605208 0.765625 0.605208 0.764844 0.604167 0.764062 0.603125 0.762500 0.603125 0.760938 0.603125 0.759375 0.603125 0.757812 0.603125 0.756250 0.603125 0.754687 0.603125 0.753125 0.603125 0.751563 0.603125 0.750000 0.603125 0.748437 0.603125 0.746875 0.603125 0.746094 0.602083 0.745313 0.601042 0.743750 0.601042 0.742188 0.601042 0.741406 0.600000 0.740625 0.598958 0.739062 0.598958 0.738281 0.597917 0.737500 0.596875 0.735938 0.596875 0.735156 0.595833 0.734375 0.594792 0.733594 0.593750 0.732812 0.592708 0.731250 0.592708 0.729688 0.592708 0.728125 0.592708 0.726562 0.592708 0.725781 0.593750 0.725000 0.594792 0.723437 0.594792 0.722656 0.595833 0.721875 0.596875 0.721094 0.597917 0.720313 0.598958 0.719531 0.600000 0.718750 0.601042 0.717969 0.602083 0.717187 0.603125 0.716406 0.604167 0.716406 0.606250 0.715625 0.607292 0.714844 0.608333 0.714063 0.609375 0.713281 0.610417 0.712500 0.611458
47 0.284375 0.517708 0.282813 0.517708 0.281250 0.517708 0.280469 0.516667 0.279687 0.515625 0.278906 0.514583 0.278906 0.512500 0.278906 0.510417 0.278906 0.508333 0.278906 0.506250 0.278906 0.504167 0.278906 0.502083 0.278125 0.501042 0.277344 0.500000 0.277344 0.497917 0.277344 0.495833 0.276562 0.494792 0.275781 0.493750 0.275781 0.491667 0.276562 0.490625 0.277344 0.489583 0.277344 0.487500 0.278125 0.486458 0.278906 0.485417 0.279687 0.484375 0.281250 0.484375 0.282813 0.484375 0.284375 0.484375 0.285938 0.484375 0.287500 0.484375 0.289062 0.484375 0.290625 0.484375 0.291406 0.483333 0.292187 0.482292 0.293750 0.482292 0.295312 0.482292 0.296875 0.482292 0.298438 0.482292 0.299219 0.481250 0.300000 0.480208 0.301563 0.480208 0.303125 0.480208 0.304688 0.480208 0.305469 0.481250 0.306250 0.482292 0.307031 0.483333 0.307031 0.485417 0.307031 0.487500 0.307031 0.489583 0.307031 0.491667 0.307031 0.493750 0.307031 0.495833 0.307031 0.497917 0.307031 0.500000 0.307031 0.502083 0.307031 0.504167 0.307031 0.506250 0.307031 0.508333 0.306250 0.509375 0.305469 0.510417 0.304688 0.511458 0.303906 0.512500 0.303125 0.513542 0.301563 0.513542 0.300000 0.513542 0.299219 0.514583 0.298438 0.515625 0.296875 0.515625 0.295312 0.515625 0.293750 0.515625 0.292187 0.515625 0.290625 0.515625 0.289062 0.515625 0.287500 0.515625 0.285938 0.515625 0.285156 0.516667 0.284375 0.517708
44 0.700000 0.651042 0.698438 0.651042 0.696875 0.651042 0.695312 0.651042 0.694531 0.650000 0.693750 0.648958 0.692187 0.648958 0.690625 0.648958 0.689844 0.647917 0.689063 0.646875 0.687500 0.646875 0.685937 0.646875 0.684375 0.646875 0.683594 0.645833 0.682813 0.644792 0.682031 0.643750 0.681250 0.642708 0.680469 0.641667 0.680469 0.639583 0.680469 0.637500 0.680469 0.635417 0.680469 0.633333 0.680469 0.631250 0.680469 0.629167 0.680469 0.627083 0.680469 0.625000 0.680469 0.622917 0.680469 0.620833 0.680469 0.618750 0.680469 0.616667 0.680469 0.614583 0.680469 0.612500 0.681250 0.611458 0.682031 0.610417 0.682031 0.608333 0.682031 0.606250 0.682813 0.605208 0.683594 0.604167 0.683594 0.602083 0.683594 0.600000 0.684375 0.598958 0.685156 0.597917 0.685156 0.595833 0.685156 0.593750 0.685937 0.592708 0.686719 0.591667 0.686719 0.589583 0.686719 0.587500 0.687500 0.586458 0.688281 0.585417 0.689063 0.584375 0.690625 0.584375 0.692187 0.584375 0.693750 0.584375 0.695312 0.584375 0.696094 0.585417 0.696094 0.587500 0.696094 0.589583 0.696875 0.590625 0.697656 0.591667 0.697656 0.593750 0.698438 0.594792 0.699219 0.595833 0.699219 0.597917 0.699219 0.600000 0.700000 0.601042 0.700781 0.602083 0.701562 0.603125 0.702344 0.604167 0.703125 0.605208 0.703906 0.606250 0.703906 0.608333 0.703906 0.610417 0.704688 0.611458 0.705469 0.612500 0.705469 0.614583 0.705469 0.616667 0.705469 0.618750 0.705469 0.620833 0.705469 0.622917 0.705469 0.625000 0.705469 0.627083 0.705469 0.629167 0.705469 0.631250 0.705469 0.633333 0.705469 0.635417 0.705469 0.637500 0.705469 0.639583 0.705469 0.641667 0.705469 0.643750 0.704688 0.644792 0.703906 0.645833 0.703906 0.647917 0.703125 0.648958 0.701562 0.648958 0.700781 0.650000 0.700000 0.651042
46 0.114062 0.484375 0.112500 0.484375 0.110937 0.484375 0.109375 0.484375 0.107813 0.484375 0.106250 0.484375 0.104688 0.484375 0.103906 0.483333 0.103906 0.481250 0.103906 0.479167 0.103906 0.477083 0.103906 0.475000 0.103906 0.472917 0.103906 0.470833 0.103906 0.468750 0.103906 0.466667 0.103906 0.464583 0.104688 0.463542 0.105469 0.462500 0.104688 0.461458 0.103906 0.460417 0.103906 0.458333 0.103906 0.456250 0.103906 0.454167 0.103906 0.452083 0.103906 0.450000 0.103906 0.447917 0.103906 0.445833 0.103125 0.444792 0.102344 0.443750 0.102344 0.441667 0.101562 0.440625 0.100781 0.439583 0.100781 0.437500 0.100781 0.435417 0.100000 0.434375 0.099219 0.433333 0.099219 0.431250 0.099219 0.429167 0.099219 0.427083 0.099219 0.425000 0.098437 0.423958 0.097656 0.422917 0.097656 0.420833 0.097656 0.418750 0.097656 0.416667 0.097656 0.414583 0.097656 0.412500 0.097656 0.410417 0.097656 0.408333 0.098437 0.407292 0.099219 0.406250 0.099219 0.404167 0.100000 0.403125 0.101562 0.403125 0.103125 0.403125 0.104688 0.403125 0.106250 0.403125 0.107813 0.403125 0.109375 0.403125 0.110937 0.403125 0.111719 0.404167 0.112500 0.405208 0.114062 0.405208 0.114844 0.404167 0.115625 0.403125 0.117188 0.403125 0.117969 0.404167 0.118750 0.405208 0.119531 0.406250 0.120313 0.407292 0.121094 0.408333 0.121094 0.410417 0.121094 0.412500 0.121094 0.414583 0.120313 0.415625 0.119531 0.416667 0.118750 0.417708 0.117969 0.418750 0.117969 0.420833 0.117969 0.422917 0.117969 0.425000 0.117969 0.427083 0.117969 0.429167 0.117969 0.431250 0.117969 0.433333 0.117969 0.435417 0.117969 0.437500 0.117969 0.439583 0.117188 0.440625 0.116406 0.441667 0.116406 0.443750 0.115625 0.444792 0.114844 0.445833 0.114844 0.447917 0.114844 0.450000 0.114062 0.451042 0.113281 0.452083 0.113281 0.454167 0.113281 0.456250 0.113281 0.458333 0.113281 0.460417 0.113281 0.462500 0.113281 0.464583 0.113281 0.466667 0.113281 0.468750 0.113281 0.470833 0.113281 0.472917 0.113281 0.475000 0.114062 0.476042 0.114844 0.477083 0.114844 0.479167 0.114844 0.481250 0.114844 0.483333 0.114062 0.484375
78 0.659375 0.534375 0.657813 0.534375 0.656250 0.534375 0.654687 0.534375 0.653125 0.534375 0.651563 0.534375 0.650000 0.534375 0.648438 0.534375 0.646875 0.534375 0.645312 0.534375 0.643750 0.534375 0.642188 0.534375 0.640625 0.534375 0.639062 0.534375 0.637500 0.534375 0.635938 0.534375 0.634375 0.534375 0.632812 0.534375 0.631250 0.534375 0.629687 0.534375 0.628125 0.534375 0.626563 0.534375 0.625000 0.534375 0.623437 0.534375 0.621875 0.534375 0.620313 0.534375 0.618750 0.534375 0.617188 0.534375 0.615625 0.534375 0.614062 0.534375 0.612500 0.534375 0.610938 0.534375 0.609375 0.534375 0.607812 0.534375 0.606250 0.534375 0.604688 0.534375 0.603125 0.534375 0.601562 0.534375 0.600000 0.534375 0.598437 0.534375 0.596875 0.534375 0.595313 0.534375 0.593750 0.534375 0.592187 0.534375 0.591406 0.533333 0.590625 0.532292 0.589844 0.531250 0.589063 0.530208 0.588281 0.529167 0.588281 0.527083 0.588281 0.525000 0.588281 0.522917 0.588281 0.520833 0.588281 0.518750 0.589063 0.517708 0.589844 0.516667 0.589844 0.514583 0.589844 0.512500 0.589844 0.510417 0.589844 0.508333 0.589844 0.506250 0.589844 0.504167 0.589844 0.502083 0.589844 0.500000 0.589063 0.498958 0.588281 0.497917 0.588281 0.495833 0.588281 0.493750 0.588281 0.491667 0.588281 0.489583 0.588281 0.487500 0.588281 0.485417 0.588281 0.483333 0.587500 0.482292 0.586719 0.481250 0.586719 0.479167 0.586719 0.477083 0.586719 0.475000 0.587500 0.473958 0.588281 0.472917 0.589063 0.471875 0.590625 0.471875 0.592187 0.471875 0.593750 0.471875 0.595313 0.471875 0.596875 0.471875 0.598437 0.471875 0.600000 0.471875 0.601562 0.471875 0.603125 0.471875 0.604688 0.471875 0.606250 0.471875 0.607812 0.471875 0.609375 0.471875 0.610938 0.471875 0.612500 0.471875 0.614062 0.471875 0.615625 0.471875 0.617188 0.471875 0.618750 0.471875 0.620313 0.471875 0.621875 0.471875 0.623437 0.471875 0.625000 0.471875 0.626563 0.471875 0.628125 0.471875 0.629687 0.471875 0.631250 0.471875 0.632812 0.471875 0.634375 0.471875 0.635938 0.471875 0.637500 0.471875 0.639062 0.471875 0.640625 0.471875 0.642188 0.471875 0.643750 0.471875 0.645312 0.471875 0.646875 0.471875 0.648438 0.471875 0.650000 0.471875 0.651563 0.471875 0.653125 0.471875 0.653906 0.470833 0.654687 0.469792 0.656250 0.469792 0.657813 0.469792 0.659375 0.469792 0.660156 0.470833 0.660156 0.472917 0.660156 0.475000 0.660156 0.477083 0.660156 0.479167 0.660156 0.481250 0.660156 0.483333 0.660156 0.485417 0.660156 0.487500 0.660156 0.489583 0.660156 0.491667 0.660156 0.493750 0.660156 0.495833 0.660156 0.497917 0.660156 0.500000 0.660156 0.502083 0.660156 0.504167 0.660156 0.506250 0.660156 0.508333 0.660156 0.510417 0.660156 0.512500 0.660156 0.514583 0.660156 0.516667 0.660156 0.518750 0.660156 0.520833 0.660156 0.522917 0.660156 0.525000 0.660156 0.527083 0.660156 0.529167 0.660156 0.531250 0.660156 0.533333 0.659375 0.534375
44 0.607812 0.440625 0.606250 0.440625 0.604688 0.440625 0.603125 0.440625 0.601562 0.440625 0.600000 0.440625 0.598437 0.440625 0.596875 0.440625 0.596094 0.439583 0.596094 0.437500 0.596094 0.435417 0.596094 0.433333 0.596094 0.431250 0.596094 0.429167 0.596094 0.427083 0.596094 0.425000 0.596094 0.422917 0.596094 0.420833 0.596094 0.418750 0.596094 0.416667 0.596094 0.414583 0.596094 0.412500 0.596094 0.410417 0.596875 0.409375 0.597656 0.408333 0.597656 0.406250 0.597656 0.404167 0.598437 0.403125 0.599219 0.402083 0.599219 0.400000 0.599219 0.397917 0.599219 0.395833 0.599219 0.393750 0.600000 0.392708 0.600781 0.391667 0.601562 0.390625 0.603125 0.390625 0.604688 0.390625 0.605469 0.391667 0.605469 0.393750 0.606250 0.394792 0.607031 0.395833 0.607031 0.397917 0.607031 0.400000 0.607031 0.402083 0.607031 0.404167 0.607812 0.405208 0.608594 0.406250 0.608594 0.408333 0.608594 0.410417 0.609375 0.411458 0.610156 0.412500 0.610156 0.414583 0.610156 0.416667 0.610156 0.418750 0.610156 0.420833 0.610156 0.422917 0.610156 0.425000 0.610156 0.427083 0.610156 0.429167 0.610156 0.431250 0.610156 0.433333 0.610156 0.435417 0.610156 0.437500 0.609375 0.438542 0.608594 0.439583 0.607812 0.440625
46 0.140625 0.486458 0.139063 0.486458 0.138281 0.485417 0.137500 0.484375 0.136719 0.483333 0.136719 0.481250 0.136719 0.479167 0.135937 0.478125 0.135156 0.477083 0.135156 0.475000 0.135156 0.472917 0.135156 0.470833 0.135156 0.468750 0.135156 0.466667 0.135156 0.464583 0.135156 0.462500 0.135156 0.460417 0.135156 0.458333 0.135156 0.456250 0.135156 0.454167 0.134375 0.453125 0.133594 0.452083 0.133594 0.450000 0.132812 0.448958 0.132031 0.447917 0.131250 0.446875 0.130469 0.445833 0.130469 0.443750 0.130469 0.441667 0.130469 0.439583 0.130469 0.437500 0.129688 0.436458 0.128906 0.435417 0.129688 0.434375 0.130469 0.433333 0.130469 0.431250 0.130469 0.429167 0.130469 0.427083 0.130469 0.425000 0.130469 0.422917 0.130469 0.420833 0.130469 0.418750 0.130469 0.416667 0.130469 0.414583 0.130469 0.412500 0.131250 0.411458 0.132031 0.410417 0.132031 0.408333 0.132812 0.407292 0.133594 0.406250 0.134375 0.405208 0.135937 0.405208 0.137500 0.405208 0.139063 0.405208 0.140625 0.405208 0.141406 0.404167 0.142187 0.403125 0.143750 0.403125 0.145313 0.403125 0.146875 0.403125 0.147656 0.404167 0.148438 0.405208 0.149219 0.406250 0.150000 0.407292 0.150781 0.408333 0.150781 0.410417 0.150781 0.412500 0.150781 0.414583 0.150781 0.416667 0.150781 0.418750 0.150781 0.420833 0.150781 0.422917 0.150781 0.425000 0.150781 0.427083 0.150000 0.428125 0.149219 0.429167 0.149219 0.431250 0.148438 0.432292 0.147656 0.433333 0.147656 0.435417 0.147656 0.437500 0.147656 0.439583 0.146875 0.440625 0.145313 0.440625 0.144531 0.441667 0.143750 0.442708 0.142969 0.443750 0.142969 0.445833 0.142187 0.446875 0.141406 0.447917 0.141406 0.450000 0.141406 0.452083 0.141406 0.454167 0.141406 0.456250 0.141406 0.458333 0.141406 0.460417 0.141406 0.462500 0.141406 0.464583 0.141406 0.466667 0.141406 0.468750 0.141406 0.470833 0.141406 0.472917 0.141406 0.475000 0.141406 0.477083 0.141406 0.479167 0.142187 0.480208 0.142969 0.481250 0.142969 0.483333 0.142187 0.484375 0.141406 0.485417 0.140625 0.486458
44 0.618750 0.438542 0.617188 0.438542 0.615625 0.438542 0.614062 0.438542 0.613281 0.437500 0.612500 0.436458 0.611719 0.435417 0.611719 0.433333 0.611719 0.431250 0.611719 0.429167 0.610938 0.428125 0.610156 0.427083 0.610156 0.425000 0.610156 0.422917 0.610156 0.420833 0.610156 0.418750 0.610156 0.416667 0.610156 0.414583 0.610156 0.412500 0.610156 0.410417 0.610156 0.408333 0.610156 0.406250 0.610156 0.404167 0.610156 0.402083 0.610156 0.400000 0.610938 0.398958 0.611719 0.397917 0.611719 0.395833 0.611719 0.393750 0.611719 0.391667 0.611719 0.389583 0.611719 0.387500 0.611719 0.385417 0.611719 0.383333 0.611719 0.381250 0.612500 0.380208 0.614062 0.380208 0.615625 0.380208 0.617188 0.380208 0.617969 0.381250 0.617969 0.383333 0.617969 0.385417 0.618750 0.386458 0.619531 0.387500 0.619531 0.389583 0.619531 0.391667 0.620313 0.392708 0.621094 0.393750 0.621094 0.395833 0.621094 0.397917 0.621094 0.400000 0.621875 0.401042 0.622656 0.402083 0.622656 0.404167 0.622656 0.406250 0.623437 0.407292 0.624219 0.408333 0.624219 0.410417 0.624219 0.412500 0.624219 0.414583 0.624219 0.416667 0.624219 0.418750 0.624219 0.420833 0.624219 0.422917 0.624219 0.425000 0.624219 0.427083 0.624219 0.429167 0.624219 0.431250 0.624219 0.433333 0.623437 0.434375 0.622656 0.435417 0.621875 0.436458 0.620313 0.436458 0.619531 0.437500 0.618750 0.438542
44 0.737500 0.663542 0.735938 0.663542 0.734375 0.663542 0.732812 0.663542 0.731250 0.663542 0.730469 0.662500 0.729688 0.661458 0.728125 0.661458 0.726562 0.661458 0.725000 0.661458 0.724219 0.660417 0.724219 0.658333 0.724219 0.656250 0.724219 0.654167 0.724219 0.652083 0.724219 0.650000 0.724219 0.647917 0.724219 0.645833 0.724219 0.643750 0.724219 0.641667 0.724219 0.639583 0.724219 0.637500 0.724219 0.635417 0.724219 0.633333 0.724219 0.631250 0.724219 0.629167 0.724219 0.627083 0.724219 0.625000 0.724219 0.622917 0.724219 0.620833 0.724219 0.618750 0.724219 0.616667 0.724219 0.614583 0.724219 0.612500 0.724219 0.610417 0.724219 0.608333 0.724219 0.606250 0.724219 0.604167 0.724219 0.602083 0.724219 0.600000 0.724219 0.597917 0.725000 0.596875 0.725781 0.595833 0.725781 0.593750 0.725781 0.591667 0.725781 0.589583 0.725781 0.587500 0.726562 0.586458 0.728125 0.586458 0.728906 0.585417 0.729688 0.584375 0.731250 0.584375 0.732031 0.585417 0.732812 0.586458 0.734375 0.586458 0.735156 0.587500 0.735156 0.589583 0.735156 0.591667 0.735938 0.592708 0.736719 0.593750 0.736719 0.595833 0.736719 0.597917 0.736719 0.600000 0.736719 0.602083 0.737500 0.603125 0.738281 0.604167 0.738281 0.606250 0.738281 0.608333 0.738281 0.610417 0.738281 0.612500 0.738281 0.614583 0.739062 0.615625 0.739844 0.616667 0.739844 0.618750 0.739844 0.620833 0.739844 0.622917 0.739844 0.625000 0.739844 0.627083 0.739844 0.629167 0.739844 0.631250 0.739844 0.633333 0.739844 0.635417 0.739844 0.637500 0.739844 0.639583 0.739844 0.641667 0.739844 0.643750 0.739844 0.645833 0.739844 0.647917 0.739844 0.650000 0.739844 0.652083 0.739844 0.654167 0.739844 0.656250 0.739844 0.658333 0.739844 0.660417 0.739062 0.661458 0.738281 0.662500 0.737500 0.663542
47 0.815625 0.321875 0.814063 0.321875 0.812500 0.321875 0.810937 0.321875 0.809375 0.321875 0.807813 0.321875 0.806250 0.321875 0.805469 0.320833 0.804688 0.319792 0.803125 0.319792 0.802344 0.318750 0.802344 0.316667 0.802344 0.314583 0.802344 0.312500 0.802344 0.310417 0.802344 0.308333 0.802344 0.306250 0.802344 0.304167 0.802344 0.302083 0.802344 0.300000 0.802344 0.297917 0.802344 0.295833 0.802344 0.293750 0.802344 0.291667 0.802344 0.289583 0.802344 0.287500 0.802344 0.285417 0.802344 0.283333 0.802344 0.281250 0.802344 0.279167 0.803125 0.278125 0.804688 0.278125 0.806250 0.278125 0.807813 0.278125 0.809375 0.278125 0.810937 0.278125 0.812500 0.278125 0.814063 0.278125 0.815625 0.278125 0.817187 0.278125 0.818750 0.278125 0.820312 0.278125 0.821094 0.279167 0.821875 0.280208 0.822656 0.281250 0.822656 0.283333 0.822656 0.285417 0.822656 0.287500 0.822656 0.289583 0.822656 0.291667 0.822656 0.293750 0.822656 0.295833 0.822656 0.297917 0.822656 0.300000 0.822656 0.302083 0.822656 0.304167 0.822656 0.306250 0.822656 0.308333 0.822656 0.310417 0.822656 0.312500 0.822656 0.314583 0.822656 0.316667 0.821875 0.317708 0.821094 0.318750 0.820312 0.319792 0.818750 0.319792 0.817187 0.319792 0.816406 0.320833 0.815625 0.321875
47 0.323437 0.509375 0.321875 0.509375 0.320312 0.509375 0.318750 0.509375 0.317188 0.509375 0.315625 0.509375 0.314063 0.509375 0.312500 0.509375 0.310937 0.509375 0.309375 0.509375 0.307812 0.509375 0.306250 0.509375 0.305469 0.508333 0.305469 0.506250 0.305469 0.504167 0.306250 0.503125 0.307031 0.502083 0.307031 0.500000 0.307031 0.497917 0.307031 0.495833 0.307031 0.493750 0.307031 0.491667 0.307031 0.489583 0.307031 0.487500 0.307031 0.485417 0.306250 0.484375 0.305469 0.483333 0.305469 0.481250 0.305469 0.479167 0.306250 0.478125 0.307031 0.477083 0.307812 0.476042 0.309375 0.476042 0.310937 0.476042 0.312500 0.476042 0.313281 0.475000 0.314063 0.473958 0.315625 0.473958 0.317188 0.473958 0.318750 0.473958 0.320312 0.473958 0.321875 0.473958 0.323437 0.473958 0.324219 0.475000 0.325000 0.476042 0.326562 0.476042 0.328125 0.476042 0.329688 0.476042 0.331250 0.476042 0.332813 0.476042 0.333594 0.477083 0.334375 0.478125 0.335156 0.479167 0.335938 0.480208 0.336719 0.481250 0.336719 0.483333 0.336719 0.485417 0.336719 0.487500 0.336719 0.489583 0.336719 0.491667 0.336719 0.493750 0.336719 0.495833 0.336719 0.497917 0.336719 0.500000 0.336719 0.502083 0.335938 0.503125 0.335156 0.504167 0.334375 0.505208 0.332813 0.505208 0.332031 0.506250 0.331250 0.507292 0.329688 0.507292 0.328125 0.507292 0.326562 0.507292 0.325000 0.507292 0.324219 0.508333 0.323437 0.509375
44 0.592187 0.440625 0.590625 0.440625 0.589063 0.440625 0.588281 0.439583 0.587500 0.438542 0.586719 0.437500 0.586719 0.435417 0.586719 0.433333 0.586719 0.431250 0.586719 0.429167 0.586719 0.427083 0.586719 0.425000 0.586719 0.422917 0.586719 0.420833 0.586719 0.418750 0.586719 0.416667 0.586719 0.414583 0.586719 0.412500 0.586719 0.410417 0.586719 0.408333 0.586719 0.406250 0.586719 0.404167 0.586719 0.402083 0.586719 0.400000 0.586719 0.397917 0.586719 0.395833 0.586719 0.393750 0.587500 0.392708 0.588281 0.391667 0.589063 0.390625 0.590625 0.390625 0.591406 0.391667 0.591406 0.393750 0.592187 0.394792 0.592969 0.395833 0.592969 0.397917 0.592969 0.400000 0.592969 0.402083 0.593750 0.403125 0.594531 0.404167 0.594531 0.406250 0.594531 0.408333 0.594531 0.410417 0.594531 0.412500 0.594531 0.414583 0.594531 0.416667 0.594531 0.418750 0.594531 0.420833 0.594531 0.422917 0.594531 0.425000 0.594531 0.427083 0.594531 0.429167 0.594531 0.431250 0.594531 0.433333 0.594531 0.435417 0.594531 0.437500 0.593750 0.438542 0.592969 0.439583 0.592187 0.440625
46 0.162500 0.480208 0.160938 0.480208 0.159375 0.480208 0.157812 0.480208 0.157031 0.479167 0.157031 0.477083 0.157031 0.475000 0.157031 0.472917 0.157031 0.470833 0.157031 0.468750 0.157031 0.466667 0.157031 0.464583 0.156250 0.463542 0.155469 0.462500 0.155469 0.460417 0.155469 0.458333 0.155469 0.456250 0.155469 0.454167 0.155469 0.452083 0.155469 0.450000 0.155469 0.447917 0.154688 0.446875 0.153906 0.445833 0.153906 0.443750 0.153906 0.441667 0.153906 0.439583 0.153906 0.437500 0.153906 0.435417 0.153906 0.433333 0.153906 0.431250 0.153906 0.429167 0.153906 0.427083 0.153906 0.425000 0.153906 0.422917 0.153906 0.420833 0.153906 0.418750 0.153906 0.416667 0.153906 0.414583 0.153906 0.412500 0.154688 0.411458 0.155469 0.410417 0.155469 0.408333 0.156250 0.407292 0.157031 0.406250 0.157812 0.405208 0.158594 0.404167 0.159375 0.403125 0.160938 0.403125 0.162500 0.403125 0.164062 0.403125 0.165625 0.403125 0.166406 0.404167 0.167187 0.405208 0.167969 0.406250 0.167969 0.408333 0.167969 0.410417 0.167969 0.412500 0.167969 0.414583 0.167969 0.416667 0.167969 0.418750 0.168750 0.419792 0.169531 0.420833 0.169531 0.422917 0.169531 0.425000 0.169531 0.427083 0.169531 0.429167 0.169531 0.431250 0.168750 0.432292 0.167969 0.433333 0.167969 0.435417 0.167969 0.437500 0.167187 0.438542 0.166406 0.439583 0.166406 0.441667 0.166406 0.443750 0.165625 0.444792 0.164844 0.445833 0.164844 0.447917 0.164844 0.450000 0.164844 0.452083 0.165625 0.453125 0.166406 0.454167 0.165625 0.455208 0.164844 0.456250 0.164844 0.458333 0.164844 0.460417 0.164844 0.462500 0.164844 0.464583 0.164844 0.466667 0.164844 0.468750 0.165625 0.469792 0.166406 0.470833 0.166406 0.472917 0.165625 0.473958 0.164844 0.475000 0.164844 0.477083 0.164062 0.478125 0.163281 0.479167 0.162500 0.480208
47 0.814063 0.321875 0.812500 0.321875 0.810937 0.321875 0.809375 0.321875 0.807813 0.321875 0.806250 0.321875 0.804688 0.321875 0.803125 0.321875 0.801562 0.321875 0.800000 0.321875 0.799219 0.320833 0.798438 0.319792 0.797656 0.318750 0.797656 0.316667 0.797656 0.314583 0.797656 0.312500 0.797656 0.310417 0.797656 0.308333 0.797656 0.306250 0.797656 0.304167 0.797656 0.302083 0.797656 0.300000 0.797656 0.297917 0.797656 0.295833 0.797656 0.293750 0.797656 0.291667 0.797656 0.289583 0.798438 0.288542 0.799219 0.287500 0.799219 0.285417 0.799219 0.283333 0.800000 0.282292 0.800781 0.281250 0.801562 0.280208 0.803125 0.280208 0.804688 0.280208 0.806250 0.280208 0.807813 0.280208 0.809375 0.280208 0.810937 0.280208 0.811719 0.281250 0.812500 0.282292 0.814063 0.282292 0.814844 0.283333 0.814844 0.285417 0.814844 0.287500 0.814844 0.289583 0.814844 0.291667 0.814844 0.293750 0.814844 0.295833 0.814844 0.297917 0.814063 0.298958 0.813281 0.300000 0.813281 0.302083 0.813281 0.304167 0.814063 0.305208 0.814844 0.306250 0.814844 0.308333 0.814844 0.310417 0.814844 0.312500 0.814844 0.314583 0.814844 0.316667 0.814844 0.318750 0.814844 0.320833 0.814063 0.321875
46 0.112500 0.455208 0.111719 0.454167 0.111719 0.452083 0.111719 0.450000 0.111719 0.447917 0.111719 0.445833 0.111719 0.443750 0.111719 0.441667 0.111719 0.439583 0.111719 0.437500 0.111719 0.435417 0.111719 0.433333 0.111719 0.431250 0.111719 0.429167 0.111719 0.427083 0.111719 0.425000 0.111719 0.422917 0.111719 0.420833 0.111719 0.418750 0.111719 0.416667 0.111719 0.414583 0.111719 0.412500 0.112500 0.411458 0.113281 0.410417 0.113281 0.408333 0.113281 0.406250 0.114062 0.405208 0.114844 0.404167 0.115625 0.403125 0.117188 0.403125 0.118750 0.403125 0.120313 0.403125 0.121094 0.404167 0.121875 0.405208 0.123438 0.405208 0.125000 0.405208 0.125781 0.406250 0.125781 0.408333 0.125781 0.410417 0.125781 0.412500 0.125781 0.414583 0.125781 0.416667 0.125781 0.418750 0.125781 0.420833 0.125781 0.422917 0.125781 0.425000 0.125781 0.427083 0.125781 0.429167 0.125781 0.431250 0.125781 0.433333 0.125781 0.435417 0.125781 0.437500 0.125781 0.439583 0.125781 0.441667 0.125781 0.443750 0.125781 0.445833 0.125781 0.447917 0.125781 0.450000 0.125000 0.451042 0.124219 0.450000 0.124219 0.447917 0.123438 0.446875 0.122656 0.445833 0.121875 0.444792 0.121094 0.443750 0.120313 0.442708 0.119531 0.441667 0.118750 0.440625 0.117969 0.441667 0.117188 0.442708 0.116406 0.443750 0.115625 0.444792 0.114844 0.445833 0.114844 0.447917 0.114062 0.448958 0.113281 0.450000 0.113281 0.452083 0.113281 0.454167 0.112500 0.455208
46 0.139063 0.484375 0.137500 0.484375 0.135937 0.484375 0.135156 0.483333 0.134375 0.482292 0.132812 0.482292 0.131250 0.482292 0.130469 0.481250 0.131250 0.480208 0.132812 0.480208 0.133594 0.479167 0.133594 0.477083 0.132812 0.476042 0.131250 0.476042 0.130469 0.475000 0.129688 0.473958 0.128906 0.472917 0.128906 0.470833 0.128125 0.469792 0.127344 0.468750 0.127344 0.466667 0.127344 0.464583 0.127344 0.462500 0.127344 0.460417 0.127344 0.458333 0.127344 0.456250 0.127344 0.454167 0.127344 0.452083 0.127344 0.450000 0.127344 0.447917 0.127344 0.445833 0.126562 0.444792 0.125781 0.443750 0.125781 0.441667 0.125781 0.439583 0.125000 0.438542 0.124219 0.437500 0.124219 0.435417 0.124219 0.433333 0.124219 0.431250 0.124219 0.429167 0.124219 0.427083 0.124219 0.425000 0.124219 0.422917 0.124219 0.420833 0.124219 0.418750 0.125000 0.417708 0.125781 0.416667 0.126562 0.415625 0.127344 0.414583 0.127344 0.412500 0.127344 0.410417 0.127344 0.408333 0.128125 0.407292 0.129688 0.407292 0.131250 0.407292 0.132812 0.407292 0.134375 0.407292 0.135937 0.407292 0.136719 0.408333 0.136719 0.410417 0.137500 0.411458 0.138281 0.412500 0.139063 0.413542 0.139844 0.414583 0.139844 0.416667 0.139063 0.417708 0.138281 0.418750 0.138281 0.420833 0.138281 0.422917 0.138281 0.425000 0.139063 0.426042 0.139844 0.427083 0.139844 0.429167 0.139844 0.431250 0.139844 0.433333 0.139844 0.435417 0.139844 0.437500 0.139844 0.439583 0.139844 0.441667 0.139844 0.443750 0.139844 0.445833 0.139063 0.446875 0.138281 0.447917 0.138281 0.450000 0.138281 0.452083 0.137500 0.453125 0.136719 0.454167 0.136719 0.456250 0.136719 0.458333 0.136719 0.460417 0.136719 0.462500 0.136719 0.464583 0.136719 0.466667 0.136719 0.468750 0.137500 0.469792 0.138281 0.470833 0.138281 0.472917 0.138281 0.475000 0.138281 0.477083 0.138281 0.479167 0.139063 0.480208 0.139844 0.481250 0.139844 0.483333 0.139063 0.484375
47 0.846875 0.317708 0.845313 0.317708 0.843750 0.317708 0.842187 0.317708 0.840625 0.317708 0.839063 0.317708 0.837500 0.317708 0.835938 0.317708 0.834375 0.317708 0.832812 0.317708 0.831250 0.317708 0.829688 0.317708 0.828125 0.317708 0.826562 0.317708 0.825000 0.317708 0.824219 0.316667 0.824219 0.314583 0.824219 0.312500 0.824219 0.310417 0.824219 0.308333 0.824219 0.306250 0.824219 0.304167 0.824219 0.302083 0.824219 0.300000 0.824219 0.297917 0.824219 0.295833 0.824219 0.293750 0.824219 0.291667 0.824219 0.289583 0.824219 0.287500 0.825000 0.286458 0.826562 0.286458 0.827344 0.285417 0.828125 0.284375 0.829688 0.284375 0.831250 0.284375 0.832812 0.284375 0.834375 0.284375 0.835938 0.284375 0.837500 0.284375 0.839063 0.284375 0.840625 0.284375 0.842187 0.284375 0.843750 0.284375 0.844531 0.285417 0.845313 0.286458 0.846094 0.287500 0.846875 0.288542 0.847656 0.289583 0.847656 0.291667 0.847656 0.293750 0.847656 0.295833 0.847656 0.297917 0.847656 0.300000 0.847656 0.302083 0.847656 0.304167 0.847656 0.306250 0.847656 0.308333 0.847656 0.310417 0.847656 0.312500 0.847656 0.314583 0.847656 0.316667 0.846875 0.317708
46 0.156250 0.480208 0.154688 0.480208 0.153125 0.480208 0.151562 0.480208 0.150000 0.480208 0.149219 0.479167 0.150000 0.478125 0.150781 0.477083 0.151562 0.476042 0.152344 0.475000 0.152344 0.472917 0.151562 0.471875 0.150781 0.470833 0.150781 0.468750 0.150781 0.466667 0.150781 0.464583 0.150781 0.462500 0.150000 0.461458 0.149219 0.460417 0.149219 0.458333 0.149219 0.456250 0.149219 0.454167 0.149219 0.452083 0.148438 0.451042 0.147656 0.450000 0.147656 0.447917 0.147656 0.445833 0.147656 0.443750 0.147656 0.441667 0.146875 0.440625 0.146094 0.439583 0.145313 0.438542 0.144531 0.437500 0.144531 0.435417 0.144531 0.433333 0.144531 0.431250 0.144531 0.429167 0.145313 0.428125 0.146094 0.427083 0.146094 0.425000 0.146094 0.422917 0.146094 0.420833 0.146094 0.418750 0.146875 0.417708 0.147656 0.416667 0.147656 0.414583 0.147656 0.412500 0.147656 0.410417 0.147656 0.408333 0.147656 0.406250 0.148438 0.405208 0.149219 0.406250 0.150000 0.407292 0.151562 0.407292 0.153125 0.407292 0.154688 0.407292 0.155469 0.406250 0.156250 0.405208 0.157031 0.406250 0.157031 0.408333 0.157031 0.410417 0.157031 0.412500 0.157031 0.414583 0.157031 0.416667 0.157031 0.418750 0.157031 0.420833 0.157031 0.422917 0.157031 0.425000 0.157812 0.426042 0.158594 0.427083 0.159375 0.428125 0.160156 0.429167 0.160156 0.431250 0.160156 0.433333 0.160156 0.435417 0.160156 0.437500 0.160156 0.439583 0.159375 0.440625 0.158594 0.441667 0.158594 0.443750 0.157812 0.444792 0.157031 0.445833 0.157031 0.447917 0.157031 0.450000 0.157031 0.452083 0.157031 0.454167 0.157031 0.456250 0.157031 0.458333 0.157031 0.460417 0.157031 0.462500 0.157031 0.464583 0.157031 0.466667 0.157031 0.468750 0.157031 0.470833 0.157031 0.472917 0.157031 0.475000 0.157031 0.477083 0.157031 0.479167 0.156250 0.480208
47 0.850000 0.319792 0.848437 0.319792 0.846875 0.319792 0.845313 0.319792 0.843750 0.319792 0.842187 0.319792 0.840625 0.319792 0.839063 0.319792 0.837500 0.319792 0.835938 0.319792 0.834375 0.319792 0.833594 0.318750 0.832812 0.317708 0.832031 0.316667 0.832031 0.314583 0.832031 0.312500 0.832031 0.310417 0.832031 0.308333 0.832031 0.306250 0.832031 0.304167 0.832031 0.302083 0.832031 0.300000 0.832031 0.297917 0.832031 0.295833 0.832031 0.293750 0.832031 0.291667 0.832812 0.290625 0.833594 0.289583 0.834375 0.288542 0.835938 0.288542 0.837500 0.288542 0.839063 0.288542 0.840625 0.288542 0.842187 0.288542 0.843750 0.288542 0.845313 0.288542 0.846875 0.288542 0.848437 0.288542 0.850000 0.288542 0.851562 0.288542 0.852344 0.289583 0.853125 0.290625 0.854688 0.290625 0.855469 0.291667 0.855469 0.293750 0.855469 0.295833 0.855469 0.297917 0.855469 0.300000 0.855469 0.302083 0.854688 0.303125 0.853906 0.304167 0.853906 0.306250 0.853906 0.308333 0.853906 0.310417 0.853906 0.312500 0.853125 0.313542 0.852344 0.314583 0.852344 0.316667 0.851562 0.317708 0.850781 0.318750 0.850000 0.319792
46 0.215625 0.463542 0.214844 0.462500 0.214844 0.460417 0.214844 0.458333 0.214062 0.457292 0.213281 0.456250 0.212500 0.455208 0.211719 0.454167 0.210938 0.453125 0.209375 0.453125 0.208594 0.454167 0.207813 0.455208 0.206250 0.455208 0.205469 0.456250 0.204687 0.457292 0.203125 0.457292 0.202344 0.456250 0.202344 0.454167 0.202344 0.452083 0.202344 0.450000 0.202344 0.447917 0.202344 0.445833 0.201563 0.444792 0.200000 0.444792 0.199219 0.443750 0.198437 0.442708 0.197656 0.441667 0.197656 0.439583 0.197656 0.437500 0.197656 0.435417 0.197656 0.433333 0.198437 0.432292 0.199219 0.431250 0.199219 0.429167 0.199219 0.427083 0.200000 0.426042 0.200781 0.425000 0.200781 0.422917 0.200781 0.420833 0.200781 0.418750 0.200000 0.417708 0.199219 0.416667 0.199219 0.414583 0.199219 0.412500 0.198437 0.411458 0.197656 0.410417 0.197656 0.408333 0.197656 0.406250 0.197656 0.404167 0.197656 0.402083 0.198437 0.401042 0.199219 0.400000 0.200000 0.398958 0.201563 0.398958 0.202344 0.397917 0.203125 0.396875 0.204687 0.396875 0.206250 0.396875 0.207813 0.396875 0.208594 0.395833 0.209375 0.394792 0.210938 0.394792 0.212500 0.394792 0.214062 0.394792 0.215625 0.394792 0.217188 0.394792 0.217969 0.395833 0.217969 0.397917 0.218750 0.398958 0.219531 0.400000 0.220312 0.401042 0.221094 0.402083 0.221094 0.404167 0.220312 0.405208 0.219531 0.406250 0.219531 0.408333 0.218750 0.409375 0.217969 0.410417 0.217188 0.411458 0.216406 0.412500 0.217188 0.413542 0.217969 0.414583 0.217969 0.416667 0.217969 0.418750 0.217969 0.420833 0.217969 0.422917 0.217969 0.425000 0.217969 0.427083 0.218750 0.428125 0.219531 0.429167 0.219531 0.431250 0.218750 0.432292 0.217969 0.433333 0.217969 0.435417 0.217969 0.437500 0.217969 0.439583 0.217969 0.441667 0.217969 0.443750 0.217969 0.445833 0.217969 0.447917 0.217969 0.450000 0.217969 0.452083 0.217969 0.454167 0.217969 0.456250 0.217188 0.457292 0.216406 0.458333 0.216406 0.460417 0.216406 0.462500 0.215625 0.463542
44 0.584375 0.440625 0.582812 0.440625 0.581250 0.440625 0.579688 0.440625 0.578125 0.440625 0.576562 0.440625 0.575781 0.439583 0.575781 0.437500 0.575781 0.435417 0.575781 0.433333 0.575781 0.431250 0.575000 0.430208 0.574219 0.429167 0.574219 0.427083 0.574219 0.425000 0.574219 0.422917 0.574219 0.420833 0.575000 0.419792 0.575781 0.418750 0.575781 0.416667 0.575781 0.414583 0.575781 0.412500 0.575781 0.410417 0.575781 0.408333 0.575781 0.406250 0.575781 0.404167 0.575781 0.402083 0.576562 0.401042 0.577344 0.400000 0.577344 0.397917 0.577344 0.395833 0.577344 0.393750 0.577344 0.391667 0.578125 0.390625 0.578906 0.389583 0.579688 0.388542 0.581250 0.388542 0.582031 0.389583 0.582812 0.390625 0.583594 0.391667 0.583594 0.393750 0.584375 0.394792 0.585156 0.395833 0.585156 0.397917 0.585156 0.400000 0.585156 0.402083 0.585156 0.404167 0.585156 0.406250 0.585156 0.408333 0.585938 0.409375 0.586719 0.410417 0.586719 0.412500 0.586719 0.414583 0.586719 0.416667 0.586719 0.418750 0.586719 0.420833 0.586719 0.422917 0.586719 0.425000 0.586719 0.427083 0.586719 0.429167 0.586719 0.431250 0.586719 0.433333 0.586719 0.435417 0.586719 0.437500 0.585938 0.438542 0.585156 0.439583 0.584375 0.440625
47 0.507812 0.657292 0.506250 0.657292 0.504687 0.657292 0.503125 0.657292 0.501563 0.657292 0.500000 0.657292 0.498437 0.657292 0.496875 0.657292 0.495312 0.657292 0.493750 0.657292 0.492188 0.657292 0.490625 0.657292 0.489063 0.657292 0.487500 0.657292 0.485938 0.657292 0.484375 0.657292 0.483594 0.656250 0.482812 0.655208 0.481250 0.655208 0.480469 0.654167 0.480469 0.652083 0.479687 0.651042 0.478906 0.650000 0.478906 0.647917 0.478906 0.645833 0.478125 0.644792 0.477344 0.643750 0.477344 0.641667 0.476562 0.640625 0.475781 0.639583 0.475781 0.637500 0.475000 0.636458 0.474219 0.635417 0.473438 0.634375 0.472656 0.633333 0.472656 0.631250 0.471875 0.630208 0.471094 0.629167 0.471094 0.627083 0.470313 0.626042 0.469531 0.625000 0.468750 0.623958 0.467969 0.622917 0.467187 0.621875 0.466406 0.620833 0.466406 0.618750 0.465625 0.617708 0.464844 0.616667 0.464844 0.614583 0.464844 0.612500 0.464844 0.610417 0.464844 0.608333 0.464844 0.606250 0.464062 0.605208 0.463281 0.604167 0.463281 0.602083 0.463281 0.600000 0.463281 0.597917 0.463281 0.595833 0.463281 0.593750 0.464062 0.592708 0.464844 0.591667 0.464844 0.589583 0.465625 0.588542 0.467187 0.588542 0.467969 0.587500 0.468750 0.586458 0.469531 0.585417 0.470313 0.584375 0.471094 0.583333 0.471875 0.582292 0.472656 0.581250 0.472656 0.579167 0.473438 0.578125 0.474219 0.577083 0.475000 0.576042 0.476562 0.576042 0.478125 0.576042 0.478906 0.575000 0.479687 0.573958 0.481250 0.573958 0.482812 0.573958 0.484375 0.573958 0.485938 0.573958 0.487500 0.573958 0.489063 0.573958 0.490625 0.573958 0.492188 0.573958 0.493750 0.573958 0.495312 0.573958 0.496875 0.573958 0.498437 0.573958 0.500000 0.573958 0.501563 0.573958 0.503125 0.573958 0.504687 0.573958 0.506250 0.573958 0.507812 0.573958 0.509375 0.573958 0.510938 0.573958 0.512500 0.573958 0.514062 0.573958 0.515625 0.573958 0.517188 0.573958 0.518750 0.573958 0.519531 0.575000 0.520312 0.576042 0.521875 0.576042 0.522656 0.577083 0.522656 0.579167 0.522656 0.581250 0.522656 0.583333 0.522656 0.585417 0.522656 0.587500 0.522656 0.589583 0.522656 0.591667 0.522656 0.593750 0.522656 0.595833 0.523438 0.596875 0.524219 0.597917 0.524219 0.600000 0.524219 0.602083 0.524219 0.604167 0.525000 0.605208 0.525781 0.606250 0.525781 0.608333 0.525781 0.610417 0.525781 0.612500 0.525781 0.614583 0.525781 0.616667 0.525781 0.618750 0.525000 0.619792 0.524219 0.620833 0.524219 0.622917 0.524219 0.625000 0.524219 0.627083 0.524219 0.629167 0.523438 0.630208 0.522656 0.631250 0.522656 0.633333 0.522656 0.635417 0.522656 0.637500 0.521875 0.638542 0.521094 0.639583 0.521094 0.641667 0.521094 0.643750 0.521094 0.645833 0.520312 0.646875 0.519531 0.647917 0.519531 0.650000 0.518750 0.651042 0.517969 0.652083 0.517188 0.653125 0.516406 0.654167 0.515625 0.655208 0.514062 0.655208 0.512500 0.655208 0.510938 0.655208 0.509375 0.655208 0.508594 0.656250 0.507812 0.657292
46 0.190625 0.471875 0.189062 0.471875 0.187500 0.471875 0.185938 0.471875 0.184375 0.471875 0.182812 0.471875 0.181250 0.471875 0.179688 0.471875 0.178906 0.470833 0.178125 0.469792 0.177344 0.468750 0.176563 0.467708 0.175781 0.466667 0.175000 0.465625 0.174219 0.464583 0.174219 0.462500 0.174219 0.460417 0.173437 0.459375 0.172656 0.458333 0.172656 0.456250 0.172656 0.454167 0.172656 0.452083 0.172656 0.450000 0.172656 0.447917 0.172656 0.445833 0.171875 0.444792 0.171094 0.443750 0.171094 0.441667 0.170313 0.440625 0.168750 0.440625 0.167969 0.439583 0.167969 0.437500 0.167969 0.435417 0.167969 0.433333 0.167969 0.431250 0.167969 0.429167 0.167969 0.427083 0.168750 0.426042 0.169531 0.425000 0.169531 0.422917 0.170313 0.421875 0.171094 0.420833 0.171094 0.418750 0.171094 0.416667 0.171094 0.414583 0.171094 0.412500 0.171094 0.410417 0.170313 0.409375 0.169531 0.408333 0.169531 0.406250 0.169531 0.404167 0.169531 0.402083 0.170313 0.401042 0.171094 0.400000 0.171094 0.397917 0.171875 0.396875 0.172656 0.395833 0.173437 0.394792 0.175000 0.394792 0.176563 0.394792 0.178125 0.394792 0.179688 0.394792 0.181250 0.394792 0.182812 0.394792 0.183594 0.395833 0.184375 0.396875 0.185156 0.397917 0.185156 0.400000 0.185156 0.402083 0.185156 0.404167 0.185156 0.406250 0.185156 0.408333 0.185156 0.410417 0.185156 0.412500 0.185156 0.414583 0.185156 0.416667 0.185156 0.418750 0.185938 0.419792 0.186719 0.420833 0.186719 0.422917 0.187500 0.423958 0.188281 0.425000 0.188281 0.427083 0.189062 0.428125 0.189844 0.429167 0.190625 0.430208 0.191406 0.431250 0.191406 0.433333 0.191406 0.435417 0.191406 0.437500 0.191406 0.439583 0.191406 0.441667 0.191406 0.443750 0.191406 0.445833 0.191406 0.447917 0.191406 0.450000 0.191406 0.452083 0.191406 0.454167 0.191406 0.456250 0.191406 0.458333 0.190625 0.459375 0.189062 0.459375 0.188281 0.460417 0.188281 0.462500 0.189062 0.463542 0.189844 0.464583 0.190625 0.465625 0.191406 0.466667 0.191406 0.468750 0.191406 0.470833 0.190625 0.471875
46 0.245312 0.465625 0.243750 0.465625 0.242188 0.465625 0.240625 0.465625 0.239063 0.465625 0.237500 0.465625 0.236719 0.464583 0.235937 0.463542 0.234375 0.463542 0.232813 0.463542 0.232031 0.462500 0.232031 0.460417 0.232031 0.458333 0.232031 0.456250 0.232031 0.454167 0.231250 0.453125 0.230469 0.452083 0.230469 0.450000 0.230469 0.447917 0.230469 0.445833 0.230469 0.443750 0.230469 0.441667 0.229687 0.440625 0.228906 0.439583 0.229687 0.438542 0.230469 0.437500 0.230469 0.435417 0.230469 0.433333 0.230469 0.431250 0.230469 0.429167 0.231250 0.428125 0.232031 0.427083 0.232031 0.425000 0.232031 0.422917 0.232813 0.421875 0.233594 0.420833 0.233594 0.418750 0.233594 0.416667 0.233594 0.414583 0.233594 0.412500 0.233594 0.410417 0.232813 0.409375 0.232031 0.408333 0.232031 0.406250 0.232031 0.404167 0.232031 0.402083 0.232031 0.400000 0.232813 0.398958 0.233594 0.397917 0.233594 0.395833 0.234375 0.394792 0.235937 0.394792 0.237500 0.394792 0.239063 0.394792 0.240625 0.394792 0.242188 0.394792 0.243750 0.394792 0.245312 0.394792 0.246875 0.394792 0.248438 0.394792 0.250000 0.394792 0.251563 0.394792 0.253125 0.394792 0.254688 0.394792 0.255469 0.395833 0.255469 0.397917 0.256250 0.398958 0.257031 0.400000 0.257031 0.402083 0.257031 0.404167 0.257031 0.406250 0.257031 0.408333 0.257031 0.410417 0.257031 0.412500 0.257031 0.414583 0.257031 0.416667 0.257031 0.418750 0.257031 0.420833 0.257031 0.422917 0.257031 0.425000 0.256250 0.426042 0.255469 0.427083 0.254688 0.428125 0.253906 0.429167 0.253906 0.431250 0.253125 0.432292 0.252344 0.433333 0.251563 0.434375 0.250781 0.435417 0.250781 0.437500 0.250000 0.438542 0.249219 0.439583 0.249219 0.441667 0.249219 0.443750 0.249219 0.445833 0.249219 0.447917 0.249219 0.450000 0.249219 0.452083 0.249219 0.454167 0.248438 0.455208 0.247656 0.456250 0.247656 0.458333 0.247656 0.460417 0.247656 0.462500 0.246875 0.463542 0.246094 0.464583 0.245312 0.465625
77 0.306250 0.651042 0.304688 0.651042 0.303125 0.651042 0.301563 0.651042 0.300000 0.651042 0.298438 0.651042 0.296875 0.651042 0.295312 0.651042 0.293750 0.651042 0.292187 0.651042 0.290625 0.651042 0.289062 0.651042 0.287500 0.651042 0.285938 0.651042 0.284375 0.651042 0.282813 0.651042 0.281250 0.651042 0.279687 0.651042 0.278125 0.651042 0.277344 0.650000 0.276562 0.648958 0.275781 0.647917 0.275781 0.645833 0.275781 0.643750 0.276562 0.642708 0.277344 0.641667 0.277344 0.639583 0.278125 0.638542 0.278906 0.637500 0.278906 0.635417 0.278906 0.633333 0.278906 0.631250 0.278906 0.629167 0.278906 0.627083 0.278906 0.625000 0.279687 0.623958 0.280469 0.622917 0.281250 0.621875 0.282031 0.620833 0.282813 0.619792 0.284375 0.619792 0.285938 0.619792 0.287500 0.619792 0.289062 0.619792 0.290625 0.619792 0.292187 0.619792 0.293750 0.619792 0.295312 0.619792 0.296875 0.619792 0.298438 0.619792 0.300000 0.619792 0.301563 0.619792 0.303125 0.619792 0.304688 0.619792 0.306250 0.619792 0.307031 0.620833 0.307812 0.621875 0.308594 0.622917 0.309375 0.623958 0.310156 0.625000 0.310156 0.627083 0.310156 0.629167 0.310937 0.630208 0.311719 0.631250 0.312500 0.632292 0.314063 0.632292 0.315625 0.632292 0.317188 0.632292 0.318750 0.632292 0.319531 0.633333 0.320312 0.634375 0.321094 0.635417 0.321094 0.637500 0.321094 0.639583 0.320312 0.640625 0.319531 0.641667 0.318750 0.642708 0.317969 0.643750 0.317188 0.644792 0.316406 0.645833 0.315625 0.646875 0.314844 0.647917 0.314063 0.648958 0.312500 0.648958 0.310937 0.648958 0.309375 0.648958 0.307812 0.648958 0.307031 0.650000 0.306250 0.651042
47 0.257812 0.521875 0.256250 0.521875 0.254688 0.521875 0.253125 0.521875 0.252344 0.520833 0.251563 0.519792 0.250781 0.518750 0.250781 0.516667 0.250781 0.514583 0.250781 0.512500 0.250781 0.510417 0.250781 0.508333 0.250781 0.506250 0.250781 0.504167 0.250781 0.502083 0.251563 0.501042 0.252344 0.500000 0.252344 0.497917 0.252344 0.495833 0.252344 0.493750 0.253125 0.492708 0.253906 0.491667 0.253906 0.489583 0.254688 0.488542 0.255469 0.487500 0.256250 0.486458 0.257031 0.485417 0.257812 0.484375 0.259375 0.484375 0.260937 0.484375 0.262500 0.484375 0.264062 0.484375 0.265625 0.484375 0.267188 0.484375 0.268750 0.484375 0.269531 0.485417 0.270313 0.486458 0.271094 0.487500 0.271875 0.488542 0.272656 0.489583 0.273438 0.490625 0.274219 0.491667 0.275000 0.492708 0.276562 0.492708 0.277344 0.493750 0.278125 0.494792 0.278906 0.495833 0.278906 0.497917 0.278906 0.500000 0.279687 0.501042 0.280469 0.502083 0.280469 0.504167 0.280469 0.506250 0.280469 0.508333 0.280469 0.510417 0.280469 0.512500 0.280469 0.514583 0.279687 0.515625 0.278906 0.516667 0.278125 0.517708 0.277344 0.518750 0.276562 0.519792 0.275000 0.519792 0.273438 0.519792 0.271875 0.519792 0.270313 0.519792 0.268750 0.519792 0.267188 0.519792 0.265625 0.519792 0.264062 0.519792 0.262500 0.519792 0.260937 0.519792 0.259375 0.519792 0.258594 0.520833 0.257812 0.521875
47 0.229687 0.469792 0.228125 0.469792 0.226562 0.469792 0.225000 0.469792 0.223438 0.469792 0.221875 0.469792 0.220312 0.469792 0.218750 0.469792 0.217188 0.469792 0.216406 0.468750 0.215625 0.467708 0.214844 0.466667 0.214844 0.464583 0.214844 0.462500 0.214844 0.460417 0.214062 0.459375 0.213281 0.458333 0.213281 0.456250 0.213281 0.454167 0.213281 0.452083 0.213281 0.450000 0.213281 0.447917 0.212500 0.446875 0.211719 0.445833 0.211719 0.443750 0.211719 0.441667 0.211719 0.439583 0.211719 0.437500 0.211719 0.435417 0.212500 0.434375 0.213281 0.433333 0.213281 0.431250 0.214062 0.430208 0.214844 0.429167 0.215625 0.428125 0.216406 0.427083 0.217188 0.426042 0.218750 0.426042 0.220312 0.426042 0.221094 0.425000 0.221875 0.423958 0.223438 0.423958 0.225000 0.423958 0.225781 0.425000 0.226562 0.426042 0.227344 0.427083 0.227344 0.429167 0.227344 0.431250 0.227344 0.433333 0.227344 0.435417 0.228125 0.436458 0.228906 0.437500 0.229687 0.438542 0.230469 0.439583 0.230469 0.441667 0.230469 0.443750 0.230469 0.445833 0.230469 0.447917 0.230469 0.450000 0.231250 0.451042 0.232031 0.452083 0.232031 0.454167 0.232031 0.456250 0.232031 0.458333 0.232031 0.460417 0.232031 0.462500 0.232031 0.464583 0.231250 0.465625 0.230469 0.466667 0.230469 0.468750 0.229687 0.469792
44 0.642188 0.309375 0.640625 0.309375 0.639062 0.309375 0.637500 0.309375 0.635938 0.309375 0.634375 0.309375 0.632812 0.309375 0.632031 0.308333 0.631250 0.307292 0.630469 0.306250 0.630469 0.304167 0.630469 0.302083 0.630469 0.300000 0.630469 0.297917 0.630469 0.295833 0.630469 0.293750 0.630469 0.291667 0.630469 0.289583 0.630469 0.287500 0.630469 0.285417 0.630469 0.283333 0.630469 0.281250 0.630469 0.279167 0.631250 0.278125 0.632031 0.277083 0.632812 0.276042 0.633594 0.275000 0.634375 0.273958 0.635938 0.273958 0.637500 0.273958 0.639062 0.273958 0.640625 0.273958 0.641406 0.275000 0.642188 0.276042 0.642969 0.277083 0.642969 0.279167 0.642969 0.281250 0.642969 0.283333 0.642969 0.285417 0.642969 0.287500 0.643750 0.288542 0.644531 0.289583 0.644531 0.291667 0.644531 0.293750 0.644531 0.295833 0.644531 0.297917 0.644531 0.300000 0.644531 0.302083 0.644531 0.304167 0.644531 0.306250 0.643750 0.307292 0.642969 0.308333 0.642188 0.309375
46 0.196875 0.469792 0.195312 0.469792 0.193750 0.469792 0.192188 0.469792 0.190625 0.469792 0.189844 0.468750 0.189844 0.466667 0.189844 0.464583 0.189844 0.462500 0.189844 0.460417 0.189844 0.458333 0.189844 0.456250 0.189844 0.454167 0.189844 0.452083 0.189844 0.450000 0.189844 0.447917 0.189844 0.445833 0.189844 0.443750 0.189844 0.441667 0.189844 0.439583 0.189062 0.438542 0.188281 0.437500 0.188281 0.435417 0.188281 0.433333 0.188281 0.431250 0.188281 0.429167 0.188281 0.427083 0.188281 0.425000 0.188281 0.422917 0.188281 0.420833 0.187500 0.419792 0.186719 0.418750 0.186719 0.416667 0.186719 0.414583 0.186719 0.412500 0.186719 0.410417 0.186719 0.408333 0.185938 0.407292 0.185156 0.406250 0.185156 0.404167 0.185156 0.402083 0.184375 0.401042 0.183594 0.400000 0.183594 0.397917 0.184375 0.396875 0.185156 0.395833 0.185156 0.393750 0.185938 0.392708 0.187500 0.392708 0.188281 0.393750 0.189062 0.394792 0.190625 0.394792 0.192188 0.394792 0.193750 0.394792 0.195312 0.394792 0.196875 0.394792 0.198437 0.394792 0.200000 0.394792 0.201563 0.394792 0.202344 0.395833 0.202344 0.397917 0.202344 0.400000 0.202344 0.402083 0.202344 0.404167 0.202344 0.406250 0.202344 0.408333 0.202344 0.410417 0.202344 0.412500 0.202344 0.414583 0.202344 0.416667 0.202344 0.418750 0.202344 0.420833 0.202344 0.422917 0.202344 0.425000 0.203125 0.426042 0.204687 0.426042 0.205469 0.427083 0.205469 0.429167 0.206250 0.430208 0.207031 0.431250 0.207031 0.433333 0.207031 0.435417 0.207031 0.437500 0.207031 0.439583 0.207031 0.441667 0.206250 0.442708 0.204687 0.442708 0.203125 0.442708 0.202344 0.443750 0.202344 0.445833 0.202344 0.447917 0.202344 0.450000 0.202344 0.452083 0.202344 0.454167 0.202344 0.456250 0.202344 0.458333 0.202344 0.460417 0.202344 0.462500 0.202344 0.464583 0.201563 0.465625 0.200000 0.465625 0.199219 0.464583 0.198437 0.463542 0.196875 0.463542 0.196094 0.464583 0.196094 0.466667 0.196875 0.467708 0.197656 0.468750 0.196875 0.469792
84 0.857812 0.461458 0.856250 0.461458 0.854688 0.461458 0.853125 0.461458 0.851562 0.461458 0.850000 0.461458 0.848437 0.461458 0.846875 0.461458 0.845313 0.461458 0.843750 0.461458 0.842187 0.461458 0.840625 0.461458 0.839063 0.461458 0.837500 0.461458 0.835938 0.461458 0.834375 0.461458 0.832812 0.461458 0.831250 0.461458 0.829688 0.461458 0.828125 0.461458 0.826562 0.461458 0.825000 0.461458 0.823438 0.461458 0.821875 0.461458 0.820312 0.461458 0.818750 0.461458 0.817187 0.461458 0.815625 0.461458 0.814063 0.461458 0.812500 0.461458 0.810937 0.461458 0.809375 0.461458 0.807813 0.461458 0.806250 0.461458 0.804688 0.461458 0.803125 0.461458 0.801562 0.461458 0.800000 0.461458 0.798438 0.461458 0.796875 0.461458 0.795312 0.461458 0.793750 0.461458 0.792188 0.461458 0.791406 0.460417 0.790625 0.459375 0.789844 0.458333 0.789844 0.456250 0.789844 0.454167 0.789844 0.452083 0.789844 0.450000 0.789844 0.447917 0.790625 0.446875 0.791406 0.445833 0.792188 0.444792 0.793750 0.444792 0.795312 0.444792 0.796875 0.444792 0.798438 0.444792 0.800000 0.444792 0.800781 0.445833 0.801562 0.446875 0.803125 0.446875 0.804688 0.446875 0.806250 0.446875 0.807031 0.447917 0.807813 0.448958 0.809375 0.448958 0.810937 0.448958 0.812500 0.448958 0.814063 0.448958 0.815625 0.448958 0.817187 0.448958 0.818750 0.448958 0.820312 0.448958 0.821875 0.448958 0.823438 0.448958 0.825000 0.448958 0.826562 0.448958 0.828125 0.448958 0.829688 0.448958 0.831250 0.448958 0.832812 0.448958 0.834375 0.448958 0.835938 0.448958 0.837500 0.448958 0.839063 0.448958 0.839844 0.447917 0.840625 0.446875 0.842187 0.446875 0.843750 0.446875 0.845313 0.446875 0.846875 0.446875 0.848437 0.446875 0.850000 0.446875 0.850781 0.445833 0.851562 0.444792 0.853125 0.444792 0.854688 0.444792 0.856250 0.444792 0.857812 0.444792 0.859375 0.444792 0.860938 0.444792 0.862500 0.444792 0.864062 0.444792 0.865625 0.444792 0.867188 0.444792 0.868750 0.444792 0.870313 0.444792 0.871875 0.444792 0.873437 0.444792 0.874219 0.445833 0.875000 0.446875 0.875781 0.447917 0.875781 0.450000 0.875000 0.451042 0.874219 0.452083 0.874219 0.454167 0.874219 0.456250 0.873437 0.457292 0.871875 0.457292 0.870313 0.457292 0.869531 0.458333 0.868750 0.459375 0.867188 0.459375 0.865625 0.459375 0.864062 0.459375 0.862500 0.459375 0.860938 0.459375 0.859375 0.459375 0.858594 0.460417 0.857812 0.461458
46 0.167187 0.476042 0.165625 0.476042 0.164062 0.476042 0.162500 0.476042 0.161719 0.475000 0.162500 0.473958 0.163281 0.472917 0.163281 0.470833 0.163281 0.468750 0.163281 0.466667 0.163281 0.464583 0.163281 0.462500 0.163281 0.460417 0.163281 0.458333 0.163281 0.456250 0.163281 0.454167 0.163281 0.452083 0.163281 0.450000 0.163281 0.447917 0.162500 0.446875 0.161719 0.445833 0.161719 0.443750 0.161719 0.441667 0.160938 0.440625 0.160156 0.439583 0.160156 0.437500 0.160156 0.435417 0.160156 0.433333 0.160156 0.431250 0.159375 0.430208 0.158594 0.429167 0.158594 0.427083 0.158594 0.425000 0.158594 0.422917 0.158594 0.420833 0.158594 0.418750 0.158594 0.416667 0.158594 0.414583 0.158594 0.412500 0.158594 0.410417 0.158594 0.408333 0.158594 0.406250 0.158594 0.404167 0.159375 0.403125 0.160938 0.403125 0.161719 0.402083 0.162500 0.401042 0.164062 0.401042 0.165625 0.401042 0.167187 0.401042 0.168750 0.401042 0.170313 0.401042 0.171094 0.402083 0.171094 0.404167 0.171094 0.406250 0.171094 0.408333 0.171094 0.410417 0.171094 0.412500 0.171094 0.414583 0.171094 0.416667 0.171094 0.418750 0.171094 0.420833 0.171875 0.421875 0.172656 0.422917 0.172656 0.425000 0.172656 0.427083 0.173437 0.428125 0.174219 0.429167 0.174219 0.431250 0.174219 0.433333 0.173437 0.434375 0.172656 0.435417 0.171875 0.436458 0.171094 0.437500 0.171094 0.439583 0.171094 0.441667 0.171094 0.443750 0.171094 0.445833 0.171094 0.447917 0.170313 0.448958 0.169531 0.450000 0.169531 0.452083 0.169531 0.454167 0.168750 0.455208 0.167969 0.456250 0.167969 0.458333 0.167969 0.460417 0.167969 0.462500 0.167969 0.464583 0.167969 0.466667 0.167969 0.468750 0.167969 0.470833 0.167969 0.472917 0.167969 0.475000 0.167187 0.476042
44 0.548438 0.319792 0.546875 0.319792 0.545312 0.319792 0.543750 0.319792 0.542188 0.319792 0.540625 0.319792 0.539062 0.319792 0.538281 0.318750 0.538281 0.316667 0.537500 0.315625 0.536719 0.314583 0.536719 0.312500 0.536719 0.310417 0.536719 0.308333 0.536719 0.306250 0.536719 0.304167 0.537500 0.303125 0.538281 0.302083 0.538281 0.300000 0.538281 0.297917 0.538281 0.295833 0.538281 0.293750 0.538281 0.291667 0.538281 0.289583 0.538281 0.287500 0.539062 0.286458 0.539844 0.285417 0.540625 0.284375 0.541406 0.283333 0.542188 0.282292 0.543750 0.282292 0.544531 0.283333 0.545312 0.284375 0.546875 0.284375 0.547656 0.285417 0.547656 0.287500 0.547656 0.289583 0.548438 0.290625 0.549219 0.291667 0.549219 0.293750 0.549219 0.295833 0.549219 0.297917 0.549219 0.300000 0.550000 0.301042 0.550781 0.302083 0.550781 0.304167 0.550781 0.306250 0.550781 0.308333 0.550781 0.310417 0.550781 0.312500 0.550781 0.314583 0.550781 0.316667 0.550000 0.317708 0.549219 0.318750 0.548438 0.319792
51 0.485938 0.446875 0.484375 0.446875 0.482812 0.446875 0.481250 0.446875 0.480469 0.445833 0.479687 0.444792 0.478125 0.444792 0.477344 0.443750 0.476562 0.442708 0.475781 0.441667 0.475781 0.439583 0.475000 0.438542 0.474219 0.437500 0.474219 0.435417 0.474219 0.433333 0.475000 0.432292 0.476562 0.432292 0.478125 0.432292 0.479687 0.432292 0.481250 0.432292 0.482812 0.432292 0.484375 0.432292 0.485938 0.432292 0.487500 0.432292 0.489063 0.432292 0.490625 0.432292 0.492188 0.432292 0.492969 0.431250 0.493750 0.430208 0.495312 0.430208 0.496875 0.430208 0.497656 0.431250 0.498437 0.432292 0.499219 0.433333 0.499219 0.435417 0.498437 0.436458 0.497656 0.437500 0.497656 0.439583 0.496875 0.440625 0.496094 0.441667 0.495312 0.442708 0.494531 0.443750 0.493750 0.444792 0.492188 0.444792 0.490625 0.444792 0.489063 0.444792 0.487500 0.444792 0.486719 0.445833 0.485938 0.446875
44 0.657813 0.305208 0.656250 0.305208 0.654687 0.305208 0.653125 0.305208 0.651563 0.305208 0.650000 0.305208 0.648438 0.305208 0.647656 0.304167 0.647656 0.302083 0.647656 0.300000 0.647656 0.297917 0.647656 0.295833 0.647656 0.293750 0.647656 0.291667 0.647656 0.289583 0.647656 0.287500 0.647656 0.285417 0.647656 0.283333 0.647656 0.281250 0.647656 0.279167 0.648438 0.278125 0.649219 0.277083 0.649219 0.275000 0.650000 0.273958 0.650781 0.272917 0.651563 0.271875 0.653125 0.271875 0.654687 0.271875 0.656250 0.271875 0.657813 0.271875 0.658594 0.272917 0.658594 0.275000 0.658594 0.277083 0.658594 0.279167 0.659375 0.280208 0.660156 0.281250 0.660156 0.283333 0.660156 0.285417 0.660156 0.287500 0.660156 0.289583 0.660156 0.291667 0.660156 0.293750 0.660156 0.295833 0.660156 0.297917 0.660156 0.300000 0.660156 0.302083 0.659375 0.303125 0.658594 0.304167 0.657813 0.305208
46 0.109375 0.484375 0.107813 0.484375 0.106250 0.484375 0.104688 0.484375 0.103906 0.483333 0.103125 0.482292 0.102344 0.481250 0.103125 0.480208 0.103906 0.479167 0.103906 0.477083 0.103906 0.475000 0.103906 0.472917 0.104688 0.471875 0.105469 0.470833 0.105469 0.468750 0.105469 0.466667 0.105469 0.464583 0.105469 0.462500 0.105469 0.460417 0.105469 0.458333 0.105469 0.456250 0.104688 0.455208 0.103906 0.454167 0.103906 0.452083 0.103906 0.450000 0.103906 0.447917 0.103125 0.446875 0.102344 0.445833 0.102344 0.443750 0.101562 0.442708 0.100781 0.441667 0.100781 0.439583 0.100000 0.438542 0.099219 0.437500 0.098437 0.436458 0.097656 0.435417 0.097656 0.433333 0.097656 0.431250 0.097656 0.429167 0.097656 0.427083 0.097656 0.425000 0.097656 0.422917 0.097656 0.420833 0.097656 0.418750 0.096875 0.417708 0.096094 0.416667 0.096094 0.414583 0.096094 0.412500 0.096094 0.410417 0.096875 0.409375 0.097656 0.408333 0.097656 0.406250 0.097656 0.404167 0.098437 0.403125 0.100000 0.403125 0.101562 0.403125 0.103125 0.403125 0.104688 0.403125 0.106250 0.403125 0.107813 0.403125 0.109375 0.403125 0.110937 0.403125 0.111719 0.404167 0.111719 0.406250 0.111719 0.408333 0.111719 0.410417 0.111719 0.412500 0.111719 0.414583 0.111719 0.416667 0.111719 0.418750 0.111719 0.420833 0.111719 0.422917 0.111719 0.425000 0.111719 0.427083 0.111719 0.429167 0.111719 0.431250 0.111719 0.433333 0.111719 0.435417 0.111719 0.437500 0.111719 0.439583 0.111719 0.441667 0.111719 0.443750 0.111719 0.445833 0.111719 0.447917 0.111719 0.450000 0.111719 0.452083 0.111719 0.454167 0.111719 0.456250 0.111719 0.458333 0.111719 0.460417 0.111719 0.462500 0.110937 0.463542 0.110156 0.464583 0.110156 0.466667 0.110937 0.467708 0.111719 0.468750 0.111719 0.470833 0.111719 0.472917 0.111719 0.475000 0.111719 0.477083 0.111719 0.479167 0.110937 0.480208 0.110156 0.481250 0.110156 0.483333 0.109375 0.484375
47 0.243750 0.467708 0.242188 0.467708 0.240625 0.467708 0.239063 0.467708 0.237500 0.467708 0.235937 0.467708 0.234375 0.467708 0.232813 0.467708 0.232031 0.466667 0.231250 0.465625 0.230469 0.464583 0.230469 0.462500 0.230469 0.460417 0.230469 0.458333 0.230469 0.456250 0.230469 0.454167 0.230469 0.452083 0.230469 0.450000 0.230469 0.447917 0.230469 0.445833 0.229687 0.444792 0.228906 0.443750 0.228906 0.441667 0.228906 0.439583 0.228906 0.437500 0.229687 0.436458 0.230469 0.435417 0.230469 0.433333 0.230469 0.431250 0.230469 0.429167 0.231250 0.428125 0.232031 0.427083 0.232813 0.426042 0.233594 0.425000 0.234375 0.423958 0.235937 0.423958 0.236719 0.422917 0.237500 0.421875 0.239063 0.421875 0.240625 0.421875 0.242188 0.421875 0.243750 0.421875 0.244531 0.422917 0.244531 0.425000 0.245312 0.426042 0.246094 0.427083 0.246094 0.429167 0.246094 0.431250 0.246094 0.433333 0.246875 0.434375 0.247656 0.435417 0.247656 0.437500 0.247656 0.439583 0.247656 0.441667 0.247656 0.443750 0.247656 0.445833 0.247656 0.447917 0.247656 0.450000 0.247656 0.452083 0.247656 0.454167 0.247656 0.456250 0.247656 0.458333 0.247656 0.460417 0.247656 0.462500 0.247656 0.464583 0.246875 0.465625 0.245312 0.465625 0.244531 0.466667 0.243750 0.467708
44 0.631250 0.369792 0.629687 0.369792 0.628125 0.369792 0.626563 0.369792 0.625000 0.369792 0.624219 0.368750 0.624219 0.366667 0.623437 0.365625 0.622656 0.364583 0.622656 0.362500 0.622656 0.360417 0.622656 0.358333 0.622656 0.356250 0.622656 0.354167 0.622656 0.352083 0.623437 0.351042 0.624219 0.350000 0.624219 0.347917 0.624219 0.345833 0.625000 0.344792 0.625781 0.343750 0.625781 0.341667 0.626563 0.340625 0.627344 0.339583 0.628125 0.338542 0.628906 0.339583 0.629687 0.340625 0.630469 0.341667 0.631250 0.342708 0.632031 0.343750 0.632031 0.345833 0.632031 0.347917 0.632812 0.348958 0.633594 0.350000 0.633594 0.352083 0.633594 0.354167 0.633594 0.356250 0.633594 0.358333 0.633594 0.360417 0.633594 0.362500 0.633594 0.364583 0.633594 0.366667 0.632812 0.367708 0.632031 0.368750 0.631250 0.369792
46 0.162500 0.476042 0.160938 0.476042 0.159375 0.476042 0.158594 0.475000 0.158594 0.472917 0.159375 0.471875 0.160156 0.470833 0.160156 0.468750 0.160156 0.466667 0.160156 0.464583 0.160156 0.462500 0.160156 0.460417 0.159375 0.459375 0.158594 0.458333 0.158594 0.456250 0.158594 0.454167 0.158594 0.452083 0.158594 0.450000 0.158594 0.447917 0.157812 0.446875 0.157031 0.445833 0.157031 0.443750 0.156250 0.442708 0.155469 0.443750 0.154688 0.444792 0.153906 0.443750 0.153906 0.441667 0.153906 0.439583 0.153906 0.437500 0.153906 0.435417 0.153906 0.433333 0.153906 0.431250 0.153906 0.429167 0.153906 0.427083 0.153906 0.425000 0.153906 0.422917 0.153125 0.421875 0.152344 0.420833 0.152344 0.418750 0.152344 0.416667 0.152344 0.414583 0.152344 0.412500 0.152344 0.410417 0.152344 0.408333 0.153125 0.407292 0.153906 0.406250 0.154688 0.405208 0.155469 0.404167 0.156250 0.403125 0.157031 0.402083 0.157812 0.401042 0.158594 0.400000 0.158594 0.397917 0.159375 0.396875 0.160156 0.395833 0.160938 0.394792 0.161719 0.393750 0.161719 0.391667 0.162500 0.390625 0.164062 0.390625 0.165625 0.390625 0.167187 0.390625 0.168750 0.390625 0.170313 0.390625 0.171875 0.390625 0.173437 0.390625 0.174219 0.391667 0.174219 0.393750 0.175000 0.394792 0.175781 0.395833 0.176563 0.396875 0.178125 0.396875 0.178906 0.397917 0.179688 0.398958 0.180469 0.400000 0.180469 0.402083 0.180469 0.404167 0.180469 0.406250 0.179688 0.407292 0.178125 0.407292 0.177344 0.406250 0.176563 0.405208 0.175781 0.406250 0.175000 0.407292 0.174219 0.408333 0.174219 0.410417 0.174219 0.412500 0.174219 0.414583 0.174219 0.416667 0.175000 0.417708 0.175781 0.418750 0.175781 0.420833 0.175781 0.422917 0.176563 0.423958 0.177344 0.425000 0.177344 0.427083 0.178125 0.428125 0.178906 0.429167 0.178906 0.431250 0.178906 0.433333 0.178125 0.434375 0.177344 0.435417 0.177344 0.437500 0.176563 0.438542 0.175781 0.439583 0.175781 0.441667 0.175781 0.443750 0.175000 0.444792 0.174219 0.445833 0.174219 0.447917 0.174219 0.450000 0.174219 0.452083 0.174219 0.454167 0.174219 0.456250 0.173437 0.457292 0.172656 0.456250 0.172656 0.454167 0.171875 0.453125 0.171094 0.452083 0.170313 0.451042 0.168750 0.451042 0.167969 0.452083 0.167969 0.454167 0.167969 0.456250 0.167187 0.457292 0.166406 0.458333 0.166406 0.460417 0.166406 0.462500 0.166406 0.464583 0.165625 0.465625 0.164844 0.466667 0.164844 0.468750 0.164844 0.470833 0.164844 0.472917 0.164062 0.473958 0.163281 0.475000 0.162500 0.476042
47 0.339062 0.588542 0.337500 0.588542 0.335938 0.588542 0.334375 0.588542 0.332813 0.588542 0.332031 0.587500 0.331250 0.586458 0.329688 0.586458 0.328906 0.585417 0.328125 0.584375 0.327344 0.583333 0.326562 0.582292 0.325781 0.581250 0.325781 0.579167 0.325000 0.578125 0.324219 0.577083 0.324219 0.575000 0.324219 0.572917 0.323437 0.571875 0.322656 0.570833 0.322656 0.568750 0.322656 0.566667 0.322656 0.564583 0.322656 0.562500 0.322656 0.560417 0.322656 0.558333 0.323437 0.557292 0.324219 0.556250 0.324219 0.554167 0.324219 0.552083 0.324219 0.550000 0.325000 0.548958 0.325781 0.547917 0.326562 0.546875 0.327344 0.545833 0.328125 0.544792 0.328906 0.543750 0.329688 0.542708 0.331250 0.542708 0.332813 0.542708 0.334375 0.542708 0.335938 0.542708 0.337500 0.542708 0.339062 0.542708 0.339844 0.541667 0.340625 0.540625 0.342187 0.540625 0.343750 0.540625 0.345313 0.540625 0.346875 0.540625 0.348438 0.540625 0.349219 0.541667 0.350000 0.542708 0.351562 0.542708 0.353125 0.542708 0.353906 0.543750 0.354687 0.544792 0.355469 0.545833 0.356250 0.546875 0.357031 0.547917 0.357031 0.550000 0.357812 0.551042 0.358594 0.552083 0.358594 0.554167 0.359375 0.555208 0.360156 0.556250 0.360156 0.558333 0.360156 0.560417 0.360156 0.562500 0.360156 0.564583 0.360156 0.566667 0.360156 0.568750 0.360156 0.570833 0.360156 0.572917 0.359375 0.573958 0.358594 0.575000 0.357812 0.576042 0.357031 0.577083 0.356250 0.578125 0.355469 0.579167 0.354687 0.580208 0.353125 0.580208 0.352344 0.581250 0.351562 0.582292 0.350000 0.582292 0.349219 0.583333 0.348438 0.584375 0.346875 0.584375 0.346094 0.585417 0.345313 0.586458 0.343750 0.586458 0.342187 0.586458 0.340625 0.586458 0.339844 0.587500 0.339062 0.588542
46 0.085938 0.448958 0.085156 0.447917 0.084375 0.446875 0.082812 0.446875 0.081250 0.446875 0.080469 0.447917 0.079687 0.448958 0.078906 0.447917 0.078125 0.446875 0.077344 0.445833 0.077344 0.443750 0.077344 0.441667 0.077344 0.439583 0.077344 0.437500 0.076563 0.436458 0.075781 0.435417 0.075781 0.433333 0.075000 0.432292 0.074219 0.431250 0.074219 0.429167 0.074219 0.427083 0.074219 0.425000 0.074219 0.422917 0.074219 0.420833 0.073438 0.419792 0.072656 0.418750 0.072656 0.416667 0.072656 0.414583 0.072656 0.412500 0.072656 0.410417 0.072656 0.408333 0.072656 0.406250 0.072656 0.404167 0.072656 0.402083 0.072656 0.400000 0.072656 0.397917 0.071875 0.396875 0.071094 0.395833 0.071094 0.393750 0.071094 0.391667 0.071094 0.389583 0.071875 0.388542 0.073438 0.388542 0.075000 0.388542 0.076563 0.388542 0.078125 0.388542 0.079687 0.388542 0.081250 0.388542 0.082031 0.387500 0.082812 0.386458 0.084375 0.386458 0.085156 0.387500 0.085938 0.388542 0.087500 0.388542 0.089063 0.388542 0.089844 0.389583 0.089844 0.391667 0.089844 0.393750 0.090625 0.394792 0.091406 0.395833 0.091406 0.397917 0.092188 0.398958 0.092969 0.400000 0.092969 0.402083 0.092969 0.404167 0.092969 0.406250 0.092969 0.408333 0.093750 0.409375 0.094531 0.410417 0.094531 0.412500 0.094531 0.414583 0.095312 0.415625 0.096094 0.416667 0.096094 0.418750 0.096094 0.420833 0.096094 0.422917 0.096094 0.425000 0.096094 0.427083 0.095312 0.428125 0.094531 0.429167 0.094531 0.431250 0.094531 0.433333 0.093750 0.434375 0.092969 0.435417 0.092188 0.436458 0.091406 0.437500 0.090625 0.438542 0.089844 0.439583 0.089844 0.441667 0.089844 0.443750 0.089063 0.444792 0.088281 0.445833 0.087500 0.446875 0.086719 0.447917 0.085938 0.448958
