0 0.440625 0.711458 0.439063 0.711458 0.437500 0.711458 0.435937 0.711458 0.434375 0.711458 0.432812 0.711458 0.431250 0.711458 0.429688 0.711458 0.428125 0.711458 0.426563 0.711458 0.425000 0.711458 0.424219 0.710417 0.424219 0.708333 0.424219 0.706250 0.424219 0.704167 0.423438 0.703125 0.422656 0.702083 0.422656 0.700000 0.422656 0.697917 0.421875 0.696875 0.421094 0.695833 0.421875 0.694792 0.422656 0.693750 0.422656 0.691667 0.423438 0.690625 0.424219 0.689583 0.424219 0.687500 0.425000 0.686458 0.425781 0.685417 0.425781 0.683333 0.426563 0.682292 0.427344 0.681250 0.427344 0.679167 0.427344 0.677083 0.428125 0.676042 0.428906 0.675000 0.428906 0.672917 0.428906 0.670833 0.428906 0.668750 0.428906 0.666667 0.428906 0.664583 0.428906 0.662500 0.428906 0.660417 0.428906 0.658333 0.428906 0.656250 0.428906 0.654167 0.428906 0.652083 0.428906 0.650000 0.428906 0.647917 0.428906 0.645833 0.428906 0.643750 0.428125 0.642708 0.427344 0.641667 0.427344 0.639583 0.427344 0.637500 0.427344 0.635417 0.427344 0.633333 0.427344 0.631250 0.427344 0.629167 0.426563 0.628125 0.425781 0.627083 0.425781 0.625000 0.425781 0.622917 0.425000 0.621875 0.424219 0.620833 0.424219 0.618750 0.423438 0.617708 0.422656 0.616667 0.421875 0.615625 0.420312 0.615625 0.419531 0.616667 0.418750 0.617708 0.417187 0.617708 0.415625 0.617708 0.414062 0.617708 0.412500 0.617708 0.410938 0.617708 0.409375 0.617708 0.408594 0.616667 0.408594 0.614583 0.408594 0.612500 0.408594 0.610417 0.408594 0.608333 0.408594 0.606250 0.408594 0.604167 0.408594 0.602083 0.408594 0.600000 0.408594 0.597917 0.408594 0.595833 0.408594 0.593750 0.408594 0.591667 0.408594 0.589583 0.409375 0.588542 0.410938 0.588542 0.412500 0.588542 0.414062 0.588542 0.414844 0.587500 0.415625 0.586458 0.416406 0.585417 0.416406 0.583333 0.417187 0.582292 0.417969 0.581250 0.417969 0.579167 0.417969 0.577083 0.418750 0.576042 0.419531 0.575000 0.419531 0.572917 0.419531 0.570833 0.420312 0.569792 0.421094 0.568750 0.421094 0.566667 0.421875 0.565625 0.422656 0.564583 0.422656 0.562500 0.422656 0.560417 0.422656 0.558333 0.422656 0.556250 0.422656 0.554167 0.423438 0.553125 0.424219 0.552083 0.424219 0.550000 0.425000 0.548958 0.425781 0.547917 0.425781 0.545833 0.425781 0.543750 0.426563 0.542708 0.427344 0.541667 0.428125 0.540625 0.428906 0.539583 0.428906 0.537500 0.428906 0.535417 0.428906 0.533333 0.428906 0.531250 0.428906 0.529167 0.428906 0.527083 0.428906 0.525000 0.428906 0.522917 0.428906 0.520833 0.428906 0.518750 0.428906 0.516667 0.428906 0.514583 0.428906 0.512500 0.429688 0.511458 0.431250 0.511458 0.432812 0.511458 0.434375 0.511458 0.435937 0.511458 0.437500 0.511458 0.439063 0.511458 0.440625 0.511458 0.442188 0.511458 0.443750 0.511458 0.445312 0.511458 0.446875 0.511458 0.448437 0.511458 0.450000 0.511458 0.450781 0.512500 0.450781 0.514583 0.450781 0.516667 0.450781 0.518750 0.450781 0.520833 0.450000 0.521875 0.449219 0.522917 0.449219 0.525000 0.449219 0.527083 0.449219 0.529167 0.449219 0.531250 0.449219 0.533333 0.449219 0.535417 0.450000 0.536458 0.450781 0.537500 0.450781 0.539583 0.451562 0.540625 0.452344 0.541667 0.452344 0.543750 0.453125 0.544792 0.453906 0.545833 0.453906 0.547917 0.454688 0.548958 0.455469 0.550000 0.455469 0.552083 0.456250 0.553125 0.457031 0.554167 0.457031 0.556250 0.457813 0.557292 0.458594 0.558333 0.458594 0.560417 0.459375 0.561458 0.460156 0.562500 0.460156 0.564583 0.460156 0.566667 0.460938 0.567708 0.461719 0.568750 0.461719 0.570833 0.461719 0.572917 0.461719 0.575000 0.462500 0.576042 0.463281 0.577083 0.463281 0.579167 0.463281 0.581250 0.463281 0.583333 0.464062 0.584375 0.464844 0.585417 0.464844 0.587500 0.465625 0.588542 0.466406 0.589583 0.466406 0.591667 0.466406 0.593750 0.466406 0.595833 0.467187 0.596875 0.467969 0.597917 0.467969 0.600000 0.467969 0.602083 0.467969 0.604167 0.467969 0.606250 0.467969 0.608333 0.467969 0.610417 0.467969 0.612500 0.467969 0.614583 0.467969 0.616667 0.467969 0.618750 0.467187 0.619792 0.466406 0.620833 0.466406 0.622917 0.465625 0.623958 0.464062 0.623958 0.463281 0.625000 0.462500 0.626042 0.460938 0.626042 0.460156 0.627083 0.460156 0.629167 0.460156 0.631250 0.460156 0.633333 0.460156 0.635417 0.460156 0.637500 0.460156 0.639583 0.460938 0.640625 0.461719 0.641667 0.461719 0.643750 0.461719 0.645833 0.461719 0.647917 0.462500 0.648958 0.463281 0.650000 0.463281 0.652083 0.463281 0.654167 0.464062 0.655208 0.464844 0.656250 0.464844 0.658333 0.465625 0.659375 0.466406 0.660417 0.466406 0.662500 0.466406 0.664583 0.467187 0.665625 0.467969 0.666667 0.467969 0.668750 0.467969 0.670833 0.467969 0.672917 0.467969 0.675000 0.468750 0.676042 0.469531 0.677083 0.469531 0.679167 0.469531 0.681250 0.469531 0.683333 0.469531 0.685417 0.470313 0.686458 0.471094 0.687500 0.471094 0.689583 0.471875 0.690625 0.473438 0.690625 0.475000 0.690625 0.476562 0.690625 0.477344 0.691667 0.477344 0.693750 0.476562 0.694792 0.475000 0.694792 0.473438 0.694792 0.471875 0.694792 0.471094 0.695833 0.470313 0.696875 0.468750 0.696875 0.467969 0.697917 0.467187 0.698958 0.466406 0.700000 0.465625 0.701042 0.464062 0.701042 0.463281 0.700000 0.462500 0.698958 0.460938 0.698958 0.460156 0.697917 0.459375 0.696875 0.458594 0.695833 0.458594 0.693750 0.457813 0.692708 0.457031 0.691667 0.457031 0.689583 0.457031 0.687500 0.456250 0.686458 0.455469 0.685417 0.455469 0.683333 0.455469 0.681250 0.455469 0.679167 0.454688 0.678125 0.453906 0.677083 0.453906 0.675000 0.453906 0.672917 0.453125 0.671875 0.452344 0.670833 0.452344 0.668750 0.451562 0.667708 0.450781 0.666667 0.450781 0.664583 0.450781 0.662500 0.450781 0.660417 0.450000 0.659375 0.449219 0.658333 0.449219 0.656250 0.449219 0.654167 0.448437 0.653125 0.447656 0.652083 0.447656 0.650000 0.447656 0.647917 0.447656 0.645833 0.446875 0.644792 0.445312 0.644792 0.444531 0.645833 0.444531 0.647917 0.444531 0.650000 0.444531 0.652083 0.444531 0.654167 0.444531 0.656250 0.444531 0.658333 0.444531 0.660417 0.444531 0.662500 0.443750 0.663542 0.442969 0.664583 0.442969 0.666667 0.442969 0.668750 0.442969 0.670833 0.442969 0.672917 0.442969 0.675000 0.442969 0.677083 0.442969 0.679167 0.442969 0.681250 0.442969 0.683333 0.442969 0.685417 0.442969 0.687500 0.442969 0.689583 0.442969 0.691667 0.442969 0.693750 0.442969 0.695833 0.442969 0.697917 0.442969 0.700000 0.442969 0.702083 0.442188 0.703125 0.441406 0.704167 0.441406 0.706250 0.441406 0.708333 0.441406 0.710417 0.440625 0.711458
0 0.171875 0.669792 0.170313 0.669792 0.168750 0.669792 0.167969 0.668750 0.167969 0.666667 0.167969 0.664583 0.167969 0.662500 0.167969 0.660417 0.167187 0.659375 0.166406 0.658333 0.165625 0.657292 0.164844 0.656250 0.164062 0.655208 0.163281 0.654167 0.163281 0.652083 0.163281 0.650000 0.163281 0.647917 0.163281 0.645833 0.162500 0.644792 0.161719 0.643750 0.160938 0.642708 0.160156 0.641667 0.159375 0.640625 0.157812 0.640625 0.157031 0.641667 0.156250 0.642708 0.155469 0.643750 0.154688 0.644792 0.153125 0.644792 0.152344 0.645833 0.152344 0.647917 0.151562 0.648958 0.150781 0.650000 0.150000 0.651042 0.149219 0.652083 0.149219 0.654167 0.149219 0.656250 0.149219 0.658333 0.149219 0.660417 0.149219 0.662500 0.149219 0.664583 0.149219 0.666667 0.149219 0.668750 0.148438 0.669792 0.146875 0.669792 0.145313 0.669792 0.143750 0.669792 0.142187 0.669792 0.140625 0.669792 0.139063 0.669792 0.137500 0.669792 0.135937 0.669792 0.134375 0.669792 0.132812 0.669792 0.131250 0.669792 0.129688 0.669792 0.128125 0.669792 0.127344 0.668750 0.127344 0.666667 0.127344 0.664583 0.127344 0.662500 0.127344 0.660417 0.127344 0.658333 0.127344 0.656250 0.127344 0.654167 0.127344 0.652083 0.128125 0.651042 0.129688 0.651042 0.131250 0.651042 0.132812 0.651042 0.134375 0.651042 0.135156 0.650000 0.135156 0.647917 0.135937 0.646875 0.136719 0.645833 0.137500 0.644792 0.138281 0.643750 0.139063 0.642708 0.140625 0.642708 0.141406 0.641667 0.142187 0.640625 0.142969 0.639583 0.142969 0.637500 0.143750 0.636458 0.144531 0.635417 0.145313 0.634375 0.146094 0.633333 0.146094 0.631250 0.146875 0.630208 0.147656 0.629167 0.147656 0.627083 0.147656 0.625000 0.148438 0.623958 0.149219 0.622917 0.149219 0.620833 0.149219 0.618750 0.149219 0.616667 0.149219 0.614583 0.149219 0.612500 0.149219 0.610417 0.149219 0.608333 0.149219 0.606250 0.149219 0.604167 0.149219 0.602083 0.148438 0.601042 0.147656 0.600000 0.147656 0.597917 0.147656 0.595833 0.146875 0.594792 0.146094 0.593750 0.146094 0.591667 0.146094 0.589583 0.145313 0.588542 0.144531 0.587500 0.144531 0.585417 0.144531 0.583333 0.145313 0.582292 0.146094 0.581250 0.146094 0.579167 0.146094 0.577083 0.146094 0.575000 0.146875 0.573958 0.147656 0.572917 0.147656 0.570833 0.147656 0.568750 0.148438 0.567708 0.149219 0.566667 0.150000 0.565625 0.150781 0.564583 0.150781 0.562500 0.151562 0.561458 0.152344 0.560417 0.153125 0.559375 0.153906 0.558333 0.153906 0.556250 0.154688 0.555208 0.155469 0.554167 0.156250 0.553125 0.157031 0.552083 0.157812 0.551042 0.158594 0.550000 0.159375 0.548958 0.160938 0.548958 0.161719 0.547917 0.162500 0.546875 0.163281 0.545833 0.164062 0.544792 0.164844 0.543750 0.164844 0.541667 0.165625 0.540625 0.166406 0.539583 0.166406 0.537500 0.166406 0.535417 0.166406 0.533333 0.166406 0.531250 0.166406 0.529167 0.167187 0.528125 0.168750 0.528125 0.170313 0.528125 0.171875 0.528125 0.173437 0.528125 0.175000 0.528125 0.176563 0.528125 0.178125 0.528125 0.179688 0.528125 0.181250 0.528125 0.182812 0.528125 0.183594 0.529167 0.183594 0.531250 0.183594 0.533333 0.183594 0.535417 0.183594 0.537500 0.183594 0.539583 0.184375 0.540625 0.185938 0.540625 0.187500 0.540625 0.189062 0.540625 0.189844 0.541667 0.189844 0.543750 0.189844 0.545833 0.189844 0.547917 0.189844 0.550000 0.189844 0.552083 0.189844 0.554167 0.189844 0.556250 0.189844 0.558333 0.189844 0.560417 0.189844 0.562500 0.189844 0.564583 0.189844 0.566667 0.189844 0.568750 0.189844 0.570833 0.189844 0.572917 0.189844 0.575000 0.189844 0.577083 0.189844 0.579167 0.189844 0.581250 0.189844 0.583333 0.189844 0.585417 0.189844 0.587500 0.189844 0.589583 0.189844 0.591667 0.189844 0.593750 0.189062 0.594792 0.187500 0.594792 0.185938 0.594792 0.184375 0.594792 0.182812 0.594792 0.182031 0.595833 0.181250 0.596875 0.180469 0.597917 0.179688 0.598958 0.178906 0.600000 0.178125 0.601042 0.177344 0.602083 0.176563 0.603125 0.175781 0.604167 0.175781 0.606250 0.175000 0.607292 0.174219 0.608333 0.174219 0.610417 0.173437 0.611458 0.172656 0.612500 0.172656 0.614583 0.172656 0.616667 0.171875 0.617708 0.171094 0.618750 0.171094 0.620833 0.171094 0.622917 0.171094 0.625000 0.170313 0.626042 0.169531 0.627083 0.169531 0.629167 0.170313 0.630208 0.171094 0.631250 0.171094 0.633333 0.171094 0.635417 0.171094 0.637500 0.171875 0.638542 0.172656 0.639583 0.172656 0.641667 0.172656 0.643750 0.172656 0.645833 0.173437 0.646875 0.174219 0.647917 0.174219 0.650000 0.175000 0.651042 0.175781 0.652083 0.175781 0.654167 0.175000 0.655208 0.174219 0.656250 0.174219 0.658333 0.173437 0.659375 0.172656 0.660417 0.172656 0.662500 0.172656 0.664583 0.172656 0.666667 0.172656 0.668750 0.171875 0.669792
0 0.208594 0.997917 0.208594 0.995833 0.208594 0.993750 0.208594 0.991667 0.208594 0.989583 0.208594 0.987500 0.208594 0.985417 0.208594 0.983333 0.208594 0.981250 0.208594 0.979167 0.208594 0.977083 0.208594 0.975000 0.208594 0.972917 0.208594 0.970833 0.208594 0.968750 0.208594 0.966667 0.208594 0.964583 0.208594 0.962500 0.208594 0.960417 0.208594 0.958333 0.208594 0.956250 0.208594 0.954167 0.208594 0.952083 0.208594 0.950000 0.208594 0.947917 0.208594 0.945833 0.208594 0.943750 0.208594 0.941667 0.208594 0.939583 0.208594 0.937500 0.208594 0.935417 0.208594 0.933333 0.208594 0.931250 0.208594 0.929167 0.208594 0.927083 0.208594 0.925000 0.208594 0.922917 0.208594 0.920833 0.208594 0.918750 0.208594 0.916667 0.208594 0.914583 0.209375 0.913542 0.210938 0.913542 0.212500 0.913542 0.214062 0.913542 0.214844 0.912500 0.214844 0.910417 0.215625 0.909375 0.216406 0.908333 0.216406 0.906250 0.217188 0.905208 0.217969 0.904167 0.217969 0.902083 0.218750 0.901042 0.219531 0.900000 0.220312 0.898958 0.221094 0.897917 0.221875 0.896875 0.223438 0.896875 0.224219 0.895833 0.225000 0.894792 0.226562 0.894792 0.227344 0.893750 0.228125 0.892708 0.228906 0.891667 0.229687 0.890625 0.231250 0.890625 0.232031 0.889583 0.232813 0.888542 0.233594 0.887500 0.234375 0.886458 0.235156 0.885417 0.235156 0.883333 0.235937 0.882292 0.236719 0.881250 0.236719 0.879167 0.237500 0.878125 0.238281 0.877083 0.238281 0.875000 0.238281 0.872917 0.238281 0.870833 0.238281 0.868750 0.238281 0.866667 0.238281 0.864583 0.238281 0.862500 0.238281 0.860417 0.238281 0.858333 0.239063 0.857292 0.239844 0.856250 0.239844 0.854167 0.239844 0.852083 0.239844 0.850000 0.239844 0.847917 0.239844 0.845833 0.240625 0.844792 0.241406 0.843750 0.241406 0.841667 0.241406 0.839583 0.242188 0.838542 0.242969 0.837500 0.242969 0.835417 0.242969 0.833333 0.242969 0.831250 0.242969 0.829167 0.243750 0.828125 0.245312 0.828125 0.246875 0.828125 0.248438 0.828125 0.250000 0.828125 0.251563 0.828125 0.253125 0.828125 0.254688 0.828125 0.256250 0.828125 0.257812 0.828125 0.259375 0.828125 0.260937 0.828125 0.262500 0.828125 0.264062 0.828125 0.265625 0.828125 0.267188 0.828125 0.268750 0.828125 0.270313 0.828125 0.271094 0.829167 0.271094 0.831250 0.271094 0.833333 0.271094 0.835417 0.271875 0.836458 0.272656 0.837500 0.273438 0.838542 0.275000 0.838542 0.275781 0.839583 0.276562 0.840625 0.278125 0.840625 0.278906 0.841667 0.279687 0.842708 0.280469 0.843750 0.281250 0.844792 0.282813 0.844792 0.283594 0.845833 0.283594 0.847917 0.284375 0.848958 0.285156 0.850000 0.285938 0.851042 0.286719 0.852083 0.286719 0.854167 0.287500 0.855208 0.288281 0.856250 0.288281 0.858333 0.289062 0.859375 0.289844 0.860417 0.289844 0.862500 0.290625 0.863542 0.291406 0.864583 0.291406 0.866667 0.292187 0.867708 0.292969 0.868750 0.293750 0.869792 0.294531 0.870833 0.295312 0.871875 0.296094 0.872917 0.296875 0.873958 0.297656 0.875000 0.298438 0.876042 0.299219 0.877083 0.300000 0.878125 0.300781 0.879167 0.301563 0.880208 0.302344 0.881250 0.303125 0.882292 0.303906 0.883333 0.304688 0.884375 0.305469 0.885417 0.306250 0.886458 0.307031 0.887500 0.307812 0.888542 0.308594 0.889583 0.309375 0.890625 0.310156 0.891667 0.310937 0.892708 0.311719 0.893750 0.312500 0.894792 0.313281 0.895833 0.314063 0.896875 0.314844 0.897917 0.315625 0.898958 0.316406 0.900000 0.317188 0.901042 0.318750 0.901042 0.319531 0.902083 0.320312 0.903125 0.321094 0.904167 0.321875 0.905208 0.323437 0.905208 0.325000 0.905208 0.326562 0.905208 0.328125 0.905208 0.329688 0.905208 0.331250 0.905208 0.332813 0.905208 0.333594 0.906250 0.334375 0.907292 0.335938 0.907292 0.337500 0.907292 0.338281 0.908333 0.339062 0.909375 0.340625 0.909375 0.342187 0.909375 0.343750 0.909375 0.345313 0.909375 0.346094 0.910417 0.346094 0.912500 0.346094 0.914583 0.346094 0.916667 0.346094 0.918750 0.346094 0.920833 0.345313 0.921875 0.343750 0.921875 0.342187 0.921875 0.340625 0.921875 0.339062 0.921875 0.337500 0.921875 0.335938 0.921875 0.334375 0.921875 0.332813 0.921875 0.331250 0.921875 0.329688 0.921875 0.328906 0.920833 0.328125 0.919792 0.327344 0.920833 0.326562 0.921875 0.325781 0.922917 0.325781 0.925000 0.325000 0.926042 0.324219 0.927083 0.324219 0.929167 0.323437 0.930208 0.322656 0.931250 0.322656 0.933333 0.321875 0.934375 0.321094 0.935417 0.320312 0.936458 0.319531 0.937500 0.318750 0.938542 0.317969 0.939583 0.317188 0.940625 0.316406 0.941667 0.315625 0.942708 0.314844 0.943750 0.314063 0.944792 0.312500 0.944792 0.311719 0.945833 0.310937 0.946875 0.309375 0.946875 0.308594 0.947917 0.307812 0.948958 0.306250 0.948958 0.305469 0.950000 0.304688 0.951042 0.303125 0.951042 0.302344 0.952083 0.302344 0.954167 0.302344 0.956250 0.302344 0.958333 0.302344 0.960417 0.302344 0.962500 0.302344 0.964583 0.302344 0.966667 0.302344 0.968750 0.303125 0.969792 0.303906 0.970833 0.303906 0.972917 0.303906 0.975000 0.304688 0.976042 0.305469 0.977083 0.305469 0.979167 0.305469 0.981250 0.305469 0.983333 0.306250 0.984375 0.307031 0.985417 0.307031 0.987500 0.307031 0.989583 0.307031 0.991667 0.307031 0.993750 0.307031 0.995833 0.307031 0.997917
0 0.706250 0.594792 0.704688 0.594792 0.703125 0.594792 0.701562 0.594792 0.700000 0.594792 0.698438 0.594792 0.696875 0.594792 0.696094 0.593750 0.696094 0.591667 0.696094 0.589583 0.696094 0.587500 0.696094 0.585417 0.696094 0.583333 0.696094 0.581250 0.696094 0.579167 0.696094 0.577083 0.696094 0.575000 0.696094 0.572917 0.696094 0.570833 0.696094 0.568750 0.696094 0.566667 0.696094 0.564583 0.696094 0.562500 0.696094 0.560417 0.696094 0.558333 0.696094 0.556250 0.696094 0.554167 0.696094 0.552083 0.696094 0.550000 0.696094 0.547917 0.696094 0.545833 0.696094 0.543750 0.696094 0.541667 0.696094 0.539583 0.696094 0.537500 0.696094 0.535417 0.696094 0.533333 0.696094 0.531250 0.696094 0.529167 0.696094 0.527083 0.696094 0.525000 0.696094 0.522917 0.696094 0.520833 0.696094 0.518750 0.696094 0.516667 0.696094 0.514583 0.696094 0.512500 0.696875 0.511458 0.698438 0.511458 0.700000 0.511458 0.701562 0.511458 0.703125 0.511458 0.704688 0.511458 0.706250 0.511458 0.707812 0.511458 0.709375 0.511458 0.710938 0.511458 0.711719 0.512500 0.711719 0.514583 0.711719 0.516667 0.711719 0.518750 0.711719 0.520833 0.711719 0.522917 0.711719 0.525000 0.711719 0.527083 0.711719 0.529167 0.712500 0.530208 0.713281 0.531250 0.713281 0.533333 0.713281 0.535417 0.713281 0.537500 0.713281 0.539583 0.713281 0.541667 0.713281 0.543750 0.713281 0.545833 0.713281 0.547917 0.713281 0.550000 0.713281 0.552083 0.713281 0.554167 0.713281 0.556250 0.712500 0.557292 0.711719 0.558333 0.711719 0.560417 0.711719 0.562500 0.711719 0.564583 0.711719 0.566667 0.712500 0.567708 0.713281 0.568750 0.714063 0.569792 0.715625 0.569792 0.717187 0.569792 0.718750 0.569792 0.720313 0.569792 0.721094 0.570833 0.721094 0.572917 0.721094 0.575000 0.721094 0.577083 0.721094 0.579167 0.721094 0.581250 0.721094 0.583333 0.720313 0.584375 0.718750 0.584375 0.717187 0.584375 0.715625 0.584375 0.714063 0.584375 0.712500 0.584375 0.710938 0.584375 0.710156 0.583333 0.709375 0.582292 0.708594 0.583333 0.707812 0.584375 0.707031 0.585417 0.707031 0.587500 0.707031 0.589583 0.707031 0.591667 0.707031 0.593750 0.706250 0.594792
0 0.026562 0.611458 0.025000 0.611458 0.023438 0.611458 0.021875 0.611458 0.020313 0.611458 0.018750 0.611458 0.017188 0.611458 0.015625 0.611458 0.014844 0.610417 0.014844 0.608333 0.014844 0.606250 0.014844 0.604167 0.014063 0.603125 0.012500 0.603125 0.010937 0.603125 0.009375 0.603125 0.008594 0.602083 0.008594 0.600000 0.008594 0.597917 0.008594 0.595833 0.008594 0.593750 0.008594 0.591667 0.008594 0.589583 0.008594 0.587500 0.008594 0.585417 0.008594 0.583333 0.008594 0.581250 0.008594 0.579167 0.008594 0.577083 0.008594 0.575000 0.008594 0.572917 0.008594 0.570833 0.008594 0.568750 0.008594 0.566667 0.008594 0.564583 0.008594 0.562500 0.008594 0.560417 0.008594 0.558333 0.008594 0.556250 0.008594 0.554167 0.008594 0.552083 0.008594 0.550000 0.008594 0.547917 0.008594 0.545833 0.008594 0.543750 0.008594 0.541667 0.008594 0.539583 0.008594 0.537500 0.008594 0.535417 0.008594 0.533333 0.008594 0.531250 0.008594 0.529167 0.009375 0.528125 0.010937 0.528125 0.012500 0.528125 0.014063 0.528125 0.015625 0.528125 0.017188 0.528125 0.018750 0.528125 0.020313 0.528125 0.021875 0.528125 0.023438 0.528125 0.025000 0.528125 0.026562 0.528125 0.028125 0.528125 0.029687 0.528125 0.031250 0.528125 0.032813 0.528125 0.033594 0.529167 0.033594 0.531250 0.033594 0.533333 0.033594 0.535417 0.033594 0.537500 0.033594 0.539583 0.033594 0.541667 0.033594 0.543750 0.033594 0.545833 0.033594 0.547917 0.033594 0.550000 0.033594 0.552083 0.033594 0.554167 0.033594 0.556250 0.033594 0.558333 0.033594 0.560417 0.033594 0.562500 0.033594 0.564583 0.033594 0.566667 0.033594 0.568750 0.033594 0.570833 0.033594 0.572917 0.033594 0.575000 0.033594 0.577083 0.033594 0.579167 0.033594 0.581250 0.033594 0.583333 0.033594 0.585417 0.033594 0.587500 0.033594 0.589583 0.033594 0.591667 0.033594 0.593750 0.033594 0.595833 0.033594 0.597917 0.033594 0.600000 0.032813 0.601042 0.031250 0.601042 0.029687 0.601042 0.028125 0.601042 0.027344 0.602083 0.027344 0.604167 0.027344 0.606250 0.027344 0.608333 0.027344 0.610417 0.026562 0.611458
0 0.348438 0.586458 0.346875 0.586458 0.345313 0.586458 0.343750 0.586458 0.342187 0.586458 0.340625 0.586458 0.339062 0.586458 0.337500 0.586458 0.335938 0.586458 0.334375 0.586458 0.333594 0.585417 0.333594 0.583333 0.333594 0.581250 0.333594 0.579167 0.333594 0.577083 0.333594 0.575000 0.333594 0.572917 0.333594 0.570833 0.333594 0.568750 0.333594 0.566667 0.333594 0.564583 0.333594 0.562500 0.333594 0.560417 0.333594 0.558333 0.333594 0.556250 0.333594 0.554167 0.333594 0.552083 0.333594 0.550000 0.333594 0.547917 0.333594 0.545833 0.333594 0.543750 0.333594 0.541667 0.333594 0.539583 0.333594 0.537500 0.333594 0.535417 0.333594 0.533333 0.333594 0.531250 0.333594 0.529167 0.333594 0.527083 0.333594 0.525000 0.333594 0.522917 0.333594 0.520833 0.334375 0.519792 0.335938 0.519792 0.337500 0.519792 0.339062 0.519792 0.340625 0.519792 0.342187 0.519792 0.343750 0.519792 0.345313 0.519792 0.346875 0.519792 0.348438 0.519792 0.350000 0.519792 0.350781 0.520833 0.350781 0.522917 0.350781 0.525000 0.350781 0.527083 0.350781 0.529167 0.350781 0.531250 0.350781 0.533333 0.350781 0.535417 0.350781 0.537500 0.350781 0.539583 0.350781 0.541667 0.351562 0.542708 0.352344 0.543750 0.352344 0.545833 0.352344 0.547917 0.352344 0.550000 0.352344 0.552083 0.353125 0.553125 0.354687 0.553125 0.356250 0.553125 0.357812 0.553125 0.358594 0.554167 0.358594 0.556250 0.358594 0.558333 0.358594 0.560417 0.358594 0.562500 0.358594 0.564583 0.358594 0.566667 0.358594 0.568750 0.358594 0.570833 0.357812 0.571875 0.356250 0.571875 0.354687 0.571875 0.353125 0.571875 0.351562 0.571875 0.350781 0.572917 0.350781 0.575000 0.350000 0.576042 0.349219 0.577083 0.349219 0.579167 0.349219 0.581250 0.349219 0.583333 0.349219 0.585417 0.348438 0.586458
38 0.489063 0.669792 0.487500 0.669792 0.485938 0.669792 0.484375 0.669792 0.482812 0.669792 0.481250 0.669792 0.479687 0.669792 0.478125 0.669792 0.476562 0.669792 0.475000 0.669792 0.473438 0.669792 0.471875 0.669792 0.470313 0.669792 0.469531 0.668750 0.469531 0.666667 0.469531 0.664583 0.469531 0.662500 0.469531 0.660417 0.468750 0.659375 0.467969 0.658333 0.467969 0.656250 0.467187 0.655208 0.466406 0.654167 0.466406 0.652083 0.466406 0.650000 0.465625 0.648958 0.464844 0.647917 0.464844 0.645833 0.464062 0.644792 0.462500 0.644792 0.460938 0.644792 0.459375 0.644792 0.458594 0.643750 0.458594 0.641667 0.458594 0.639583 0.458594 0.637500 0.458594 0.635417 0.458594 0.633333 0.458594 0.631250 0.458594 0.629167 0.458594 0.627083 0.458594 0.625000 0.458594 0.622917 0.458594 0.620833 0.458594 0.618750 0.458594 0.616667 0.458594 0.614583 0.458594 0.612500 0.459375 0.611458 0.460938 0.611458 0.462500 0.611458 0.464062 0.611458 0.465625 0.611458 0.467187 0.611458 0.467969 0.612500 0.467969 0.614583 0.467969 0.616667 0.467969 0.618750 0.467969 0.620833 0.468750 0.621875 0.469531 0.622917 0.470313 0.623958 0.471094 0.625000 0.471094 0.627083 0.471875 0.628125 0.472656 0.629167 0.472656 0.631250 0.473438 0.632292 0.474219 0.633333 0.474219 0.635417 0.474219 0.637500 0.475000 0.638542 0.475781 0.639583 0.476562 0.640625 0.477344 0.641667 0.478125 0.642708 0.478906 0.643750 0.479687 0.644792 0.480469 0.645833 0.481250 0.646875 0.482031 0.647917 0.482031 0.650000 0.482812 0.651042 0.483594 0.652083 0.484375 0.653125 0.485938 0.653125 0.487500 0.653125 0.489063 0.653125 0.489844 0.654167 0.489844 0.656250 0.489844 0.658333 0.489844 0.660417 0.489844 0.662500 0.489844 0.664583 0.489844 0.666667 0.489844 0.668750 0.489063 0.669792
38 0.489063 0.669792 0.487500 0.669792 0.485938 0.669792 0.484375 0.669792 0.482812 0.669792 0.481250 0.669792 0.479687 0.669792 0.478125 0.669792 0.476562 0.669792 0.475000 0.669792 0.473438 0.669792 0.471875 0.669792 0.470313 0.669792 0.468750 0.669792 0.467187 0.669792 0.465625 0.669792 0.464844 0.668750 0.464844 0.666667 0.464844 0.664583 0.464844 0.662500 0.464844 0.660417 0.464844 0.658333 0.464844 0.656250 0.464844 0.654167 0.464844 0.652083 0.464844 0.650000 0.464844 0.647917 0.464844 0.645833 0.464844 0.643750 0.464844 0.641667 0.464844 0.639583 0.464844 0.637500 0.464844 0.635417 0.464844 0.633333 0.464844 0.631250 0.464844 0.629167 0.465625 0.628125 0.467187 0.628125 0.468750 0.628125 0.470313 0.628125 0.471875 0.628125 0.473438 0.628125 0.474219 0.629167 0.474219 0.631250 0.474219 0.633333 0.474219 0.635417 0.474219 0.637500 0.475000 0.638542 0.475781 0.639583 0.476562 0.640625 0.477344 0.641667 0.478125 0.642708 0.478906 0.643750 0.479687 0.644792 0.480469 0.645833 0.481250 0.646875 0.482031 0.647917 0.482031 0.650000 0.482812 0.651042 0.483594 0.652083 0.484375 0.653125 0.485938 0.653125 0.487500 0.653125 0.489063 0.653125 0.489844 0.654167 0.489844 0.656250 0.489844 0.658333 0.489844 0.660417 0.489844 0.662500 0.489844 0.664583 0.489844 0.666667 0.489844 0.668750 0.489063 0.669792
0 0.414062 0.578125 0.412500 0.578125 0.410938 0.578125 0.409375 0.578125 0.407813 0.578125 0.406250 0.578125 0.404687 0.578125 0.403125 0.578125 0.401562 0.578125 0.400000 0.578125 0.398438 0.578125 0.396875 0.578125 0.396094 0.577083 0.396094 0.575000 0.396094 0.572917 0.396094 0.570833 0.396094 0.568750 0.396094 0.566667 0.396094 0.564583 0.396094 0.562500 0.396094 0.560417 0.396094 0.558333 0.396094 0.556250 0.396094 0.554167 0.396094 0.552083 0.396094 0.550000 0.396094 0.547917 0.396094 0.545833 0.396094 0.543750 0.396094 0.541667 0.396094 0.539583 0.396094 0.537500 0.396094 0.535417 0.396094 0.533333 0.396094 0.531250 0.396094 0.529167 0.396875 0.528125 0.398438 0.528125 0.400000 0.528125 0.401562 0.528125 0.403125 0.528125 0.404687 0.528125 0.406250 0.528125 0.407813 0.528125 0.409375 0.528125 0.410938 0.528125 0.412500 0.528125 0.414062 0.528125 0.414844 0.529167 0.414844 0.531250 0.414844 0.533333 0.414844 0.535417 0.414844 0.537500 0.414844 0.539583 0.414844 0.541667 0.414844 0.543750 0.414844 0.545833 0.414844 0.547917 0.414844 0.550000 0.414844 0.552083 0.414844 0.554167 0.414844 0.556250 0.414844 0.558333 0.414844 0.560417 0.414844 0.562500 0.414844 0.564583 0.414844 0.566667 0.414844 0.568750 0.414844 0.570833 0.414844 0.572917 0.414844 0.575000 0.414844 0.577083 0.414062 0.578125
0 0.617188 0.586458 0.615625 0.586458 0.614062 0.586458 0.612500 0.586458 0.610938 0.586458 0.609375 0.586458 0.608594 0.585417 0.608594 0.583333 0.608594 0.581250 0.608594 0.579167 0.608594 0.577083 0.608594 0.575000 0.608594 0.572917 0.608594 0.570833 0.608594 0.568750 0.608594 0.566667 0.608594 0.564583 0.608594 0.562500 0.608594 0.560417 0.608594 0.558333 0.608594 0.556250 0.608594 0.554167 0.608594 0.552083 0.608594 0.550000 0.608594 0.547917 0.608594 0.545833 0.608594 0.543750 0.608594 0.541667 0.608594 0.539583 0.608594 0.537500 0.608594 0.535417 0.608594 0.533333 0.608594 0.531250 0.608594 0.529167 0.609375 0.528125 0.610938 0.528125 0.612500 0.528125 0.614062 0.528125 0.615625 0.528125 0.617188 0.528125 0.618750 0.528125 0.620313 0.528125 0.621875 0.528125 0.623437 0.528125 0.625000 0.528125 0.626563 0.528125 0.627344 0.529167 0.627344 0.531250 0.627344 0.533333 0.627344 0.535417 0.627344 0.537500 0.627344 0.539583 0.627344 0.541667 0.627344 0.543750 0.627344 0.545833 0.627344 0.547917 0.627344 0.550000 0.627344 0.552083 0.627344 0.554167 0.627344 0.556250 0.627344 0.558333 0.627344 0.560417 0.627344 0.562500 0.627344 0.564583 0.627344 0.566667 0.627344 0.568750 0.627344 0.570833 0.627344 0.572917 0.626563 0.573958 0.625000 0.573958 0.623437 0.573958 0.621875 0.573958 0.621094 0.575000 0.620313 0.576042 0.619531 0.577083 0.618750 0.578125 0.617969 0.579167 0.617969 0.581250 0.617969 0.583333 0.617969 0.585417 0.617188 0.586458
