0 0.364063 0.263761 0.362500 0.263761 0.360938 0.263761 0.359375 0.263761 0.357812 0.263761 0.356250 0.263761 0.354687 0.263761 0.353125 0.263761 0.351562 0.263761 0.350781 0.261468 0.350781 0.256881 0.350781 0.252294 0.350781 0.247706 0.350781 0.243119 0.350000 0.240826 0.349219 0.238532 0.349219 0.233945 0.349219 0.229358 0.348438 0.227064 0.347656 0.224771 0.347656 0.220183 0.347656 0.215596 0.346875 0.213303 0.346094 0.211009 0.345313 0.208716 0.343750 0.208716 0.342969 0.206422 0.342187 0.204128 0.340625 0.204128 0.339844 0.206422 0.339062 0.208716 0.338281 0.211009 0.338281 0.215596 0.338281 0.220183 0.338281 0.224771 0.338281 0.229358 0.337500 0.231651 0.336719 0.233945 0.336719 0.238532 0.336719 0.243119 0.336719 0.247706 0.336719 0.252294 0.336719 0.256881 0.336719 0.261468 0.335938 0.263761 0.334375 0.263761 0.332813 0.263761 0.331250 0.263761 0.329688 0.263761 0.328125 0.263761 0.326562 0.263761 0.325000 0.263761 0.323437 0.263761 0.321875 0.263761 0.321094 0.261468 0.321094 0.256881 0.321094 0.252294 0.321094 0.247706 0.321094 0.243119 0.321094 0.238532 0.321094 0.233945 0.321094 0.229358 0.321094 0.224771 0.321094 0.220183 0.321094 0.215596 0.321875 0.213303 0.323437 0.213303 0.325000 0.213303 0.326562 0.213303 0.327344 0.211009 0.328125 0.208716 0.328906 0.206422 0.328906 0.201835 0.328906 0.197248 0.329688 0.194954 0.330469 0.192661 0.330469 0.188073 0.330469 0.183486 0.330469 0.178899 0.330469 0.174312 0.331250 0.172018 0.332031 0.169725 0.332031 0.165138 0.332031 0.160550 0.332031 0.155963 0.332813 0.153670 0.333594 0.151376 0.333594 0.146789 0.334375 0.144495 0.335156 0.142202 0.335156 0.137615 0.335938 0.135321 0.336719 0.133028 0.336719 0.128440 0.336719 0.123853 0.336719 0.119266 0.337500 0.116972 0.339062 0.116972 0.340625 0.116972 0.342187 0.116972 0.343750 0.116972 0.345313 0.116972 0.346875 0.116972 0.348438 0.116972 0.350000 0.116972 0.351562 0.116972 0.353125 0.116972 0.353906 0.119266 0.353906 0.123853 0.353906 0.128440 0.353906 0.133028 0.353906 0.137615 0.353906 0.142202 0.354687 0.144495 0.355469 0.146789 0.355469 0.151376 0.355469 0.155963 0.355469 0.160550 0.355469 0.165138 0.355469 0.169725 0.355469 0.174312 0.355469 0.178899 0.355469 0.183486 0.355469 0.188073 0.355469 0.192661 0.356250 0.194954 0.357031 0.197248 0.357031 0.201835 0.357812 0.204128 0.358594 0.206422 0.359375 0.208716 0.360938 0.208716 0.362500 0.208716 0.364063 0.208716 0.364844 0.211009 0.364844 0.215596 0.364844 0.220183 0.364844 0.224771 0.364844 0.229358 0.364844 0.233945 0.364844 0.238532 0.364844 0.243119 0.364844 0.247706 0.364844 0.252294 0.364844 0.256881 0.364844 0.261468 0.364063 0.263761
0 0.953125 0.942661 0.951562 0.942661 0.950000 0.942661 0.948438 0.942661 0.946875 0.942661 0.945312 0.942661 0.943750 0.942661 0.942187 0.942661 0.940625 0.942661 0.939063 0.942661 0.937500 0.942661 0.936719 0.940367 0.936719 0.935780 0.936719 0.931193 0.936719 0.926606 0.936719 0.922018 0.937500 0.919725 0.938281 0.917431 0.938281 0.912844 0.938281 0.908257 0.939063 0.905963 0.939844 0.903670 0.939844 0.899083 0.939844 0.894495 0.940625 0.892202 0.941406 0.889908 0.941406 0.885321 0.941406 0.880734 0.941406 0.876147 0.942187 0.873853 0.942969 0.871560 0.942969 0.866972 0.942969 0.862385 0.942969 0.857798 0.942969 0.853211 0.942969 0.848624 0.942969 0.844037 0.942969 0.839450 0.942969 0.834862 0.942969 0.830275 0.942187 0.827982 0.941406 0.825688 0.941406 0.821101 0.940625 0.818807 0.939844 0.816514 0.939844 0.811927 0.939063 0.809633 0.938281 0.807339 0.937500 0.805046 0.936719 0.802752 0.935937 0.800459 0.935156 0.798165 0.934375 0.795872 0.933594 0.793578 0.933594 0.788991 0.932813 0.786697 0.932031 0.784404 0.931250 0.782110 0.930469 0.779817 0.930469 0.775229 0.929688 0.772936 0.928906 0.770642 0.928125 0.768349 0.927344 0.766055 0.926562 0.763761 0.925000 0.763761 0.923438 0.763761 0.921875 0.763761 0.921094 0.761468 0.921094 0.756881 0.921094 0.752294 0.921094 0.747706 0.921094 0.743119 0.921094 0.738532 0.921094 0.733945 0.921094 0.729358 0.921094 0.724771 0.921094 0.720183 0.921094 0.715596 0.921094 0.711009 0.921094 0.706422 0.921875 0.704128 0.923438 0.704128 0.925000 0.704128 0.926562 0.704128 0.928125 0.704128 0.929688 0.704128 0.931250 0.704128 0.932813 0.704128 0.934375 0.704128 0.935937 0.704128 0.937500 0.704128 0.939063 0.704128 0.940625 0.704128 0.941406 0.706422 0.941406 0.711009 0.941406 0.715596 0.941406 0.720183 0.942187 0.722477 0.942969 0.724771 0.942969 0.729358 0.943750 0.731651 0.944531 0.733945 0.944531 0.738532 0.945312 0.740826 0.946094 0.743119 0.946875 0.745413 0.947656 0.747706 0.948438 0.750000 0.950000 0.750000 0.950781 0.752294 0.951562 0.754587 0.953125 0.754587 0.953906 0.756881 0.954688 0.759174 0.955469 0.761468 0.956250 0.763761 0.957031 0.766055 0.957812 0.768349 0.958594 0.770642 0.959375 0.772936 0.960938 0.772936 0.961719 0.775229 0.962500 0.777523 0.963281 0.779817 0.964063 0.782110 0.964844 0.784404 0.965625 0.786697 0.967187 0.786697 0.968750 0.786697 0.970313 0.786697 0.971094 0.788991 0.971094 0.793578 0.971094 0.798165 0.971094 0.802752 0.971094 0.807339 0.971094 0.811927 0.971094 0.816514 0.971094 0.821101 0.971094 0.825688 0.970313 0.827982 0.968750 0.827982 0.967187 0.827982 0.965625 0.827982 0.964063 0.827982 0.963281 0.830275 0.963281 0.834862 0.962500 0.837156 0.961719 0.839450 0.960938 0.841743 0.960156 0.844037 0.960156 0.848624 0.960156 0.853211 0.959375 0.855505 0.958594 0.857798 0.958594 0.862385 0.958594 0.866972 0.958594 0.871560 0.957812 0.873853 0.957031 0.876147 0.957031 0.880734 0.957031 0.885321 0.957031 0.889908 0.957031 0.894495 0.957031 0.899083 0.957031 0.903670 0.957031 0.908257 0.956250 0.910550 0.955469 0.912844 0.955469 0.917431 0.954688 0.919725 0.953906 0.922018 0.953906 0.926606 0.953906 0.931193 0.953906 0.935780 0.953906 0.940367 0.953125 0.942661
0 0.870313 0.869266 0.868750 0.869266 0.867188 0.869266 0.865625 0.869266 0.864062 0.869266 0.862500 0.869266 0.860938 0.869266 0.859375 0.869266 0.857812 0.869266 0.857031 0.866972 0.857031 0.862385 0.857031 0.857798 0.857031 0.853211 0.857031 0.848624 0.857031 0.844037 0.856250 0.841743 0.855469 0.839450 0.855469 0.834862 0.855469 0.830275 0.854688 0.827982 0.853906 0.825688 0.853906 0.821101 0.853125 0.818807 0.852344 0.816514 0.852344 0.811927 0.851562 0.809633 0.850781 0.807339 0.850781 0.802752 0.850000 0.800459 0.849219 0.798165 0.848437 0.795872 0.847656 0.793578 0.847656 0.788991 0.846875 0.786697 0.846094 0.788991 0.845313 0.791284 0.844531 0.793578 0.843750 0.795872 0.842969 0.798165 0.842969 0.802752 0.842969 0.807339 0.842187 0.809633 0.841406 0.811927 0.841406 0.816514 0.840625 0.818807 0.839844 0.821101 0.839844 0.825688 0.839063 0.827982 0.838281 0.830275 0.838281 0.834862 0.837500 0.837156 0.836719 0.839450 0.836719 0.844037 0.835938 0.846330 0.835156 0.848624 0.835156 0.853211 0.835156 0.857798 0.835156 0.862385 0.835156 0.866972 0.834375 0.869266 0.832812 0.869266 0.831250 0.869266 0.829688 0.869266 0.828125 0.869266 0.827344 0.866972 0.827344 0.862385 0.827344 0.857798 0.827344 0.853211 0.827344 0.848624 0.827344 0.844037 0.827344 0.839450 0.827344 0.834862 0.827344 0.830275 0.827344 0.825688 0.827344 0.821101 0.827344 0.816514 0.827344 0.811927 0.827344 0.807339 0.827344 0.802752 0.827344 0.798165 0.827344 0.793578 0.827344 0.788991 0.827344 0.784404 0.827344 0.779817 0.827344 0.775229 0.828125 0.772936 0.829688 0.772936 0.831250 0.772936 0.832812 0.772936 0.833594 0.770642 0.834375 0.768349 0.835156 0.766055 0.835156 0.761468 0.835938 0.759174 0.836719 0.756881 0.836719 0.752294 0.836719 0.747706 0.837500 0.745413 0.838281 0.743119 0.838281 0.738532 0.838281 0.733945 0.838281 0.729358 0.838281 0.724771 0.838281 0.720183 0.838281 0.715596 0.838281 0.711009 0.838281 0.706422 0.838281 0.701835 0.838281 0.697248 0.838281 0.692661 0.838281 0.688073 0.838281 0.683486 0.838281 0.678899 0.838281 0.674312 0.838281 0.669725 0.838281 0.665138 0.838281 0.660550 0.838281 0.655963 0.838281 0.651376 0.839063 0.649083 0.839844 0.646789 0.839844 0.642202 0.839844 0.637615 0.839844 0.633028 0.839844 0.628440 0.839844 0.623853 0.839844 0.619266 0.839844 0.614679 0.840625 0.612385 0.842187 0.612385 0.843750 0.612385 0.845313 0.612385 0.846875 0.612385 0.848437 0.612385 0.850000 0.612385 0.850781 0.614679 0.850781 0.619266 0.850781 0.623853 0.850781 0.628440 0.850781 0.633028 0.851562 0.635321 0.852344 0.637615 0.853125 0.639908 0.853906 0.642202 0.854688 0.644495 0.855469 0.646789 0.855469 0.651376 0.856250 0.653670 0.857031 0.655963 0.857812 0.658257 0.858594 0.660550 0.859375 0.662844 0.860156 0.665138 0.860938 0.667431 0.861719 0.669725 0.861719 0.674312 0.862500 0.676606 0.863281 0.678899 0.864062 0.681193 0.865625 0.681193 0.867188 0.681193 0.868750 0.681193 0.870313 0.681193 0.871094 0.683486 0.870313 0.685780 0.868750 0.685780 0.867188 0.685780 0.865625 0.685780 0.864844 0.688073 0.864062 0.690367 0.863281 0.692661 0.862500 0.694954 0.861719 0.697248 0.861719 0.701835 0.861719 0.706422 0.861719 0.711009 0.861719 0.715596 0.861719 0.720183 0.861719 0.724771 0.861719 0.729358 0.861719 0.733945 0.861719 0.738532 0.861719 0.743119 0.861719 0.747706 0.861719 0.752294 0.861719 0.756881 0.861719 0.761468 0.861719 0.766055 0.861719 0.770642 0.861719 0.775229 0.861719 0.779817 0.861719 0.784404 0.861719 0.788991 0.862500 0.791284 0.863281 0.793578 0.863281 0.798165 0.863281 0.802752 0.864062 0.805046 0.864844 0.807339 0.865625 0.809633 0.867188 0.809633 0.868750 0.809633 0.870313 0.809633 0.871094 0.811927 0.871094 0.816514 0.871094 0.821101 0.871094 0.825688 0.871094 0.830275 0.871094 0.834862 0.871094 0.839450 0.871094 0.844037 0.871094 0.848624 0.871094 0.853211 0.871094 0.857798 0.871094 0.862385 0.871094 0.866972 0.870313 0.869266
0 0.920312 0.924312 0.918750 0.924312 0.917188 0.924312 0.915625 0.924312 0.914062 0.924312 0.912500 0.924312 0.910937 0.924312 0.909375 0.924312 0.907813 0.924312 0.906250 0.924312 0.904687 0.924312 0.903125 0.924312 0.901563 0.924312 0.900000 0.924312 0.898438 0.924312 0.896875 0.924312 0.895312 0.924312 0.893750 0.924312 0.892188 0.924312 0.890625 0.924312 0.889062 0.924312 0.887500 0.924312 0.885938 0.924312 0.884375 0.924312 0.883594 0.922018 0.883594 0.917431 0.883594 0.912844 0.883594 0.908257 0.883594 0.903670 0.883594 0.899083 0.883594 0.894495 0.883594 0.889908 0.883594 0.885321 0.883594 0.880734 0.883594 0.876147 0.883594 0.871560 0.883594 0.866972 0.883594 0.862385 0.884375 0.860092 0.885938 0.860092 0.887500 0.860092 0.889062 0.860092 0.890625 0.860092 0.891406 0.857798 0.892188 0.855505 0.893750 0.855505 0.894531 0.853211 0.894531 0.848624 0.895312 0.846330 0.896094 0.844037 0.896875 0.841743 0.897656 0.839450 0.898438 0.837156 0.899219 0.834862 0.899219 0.830275 0.899219 0.825688 0.900000 0.823394 0.900781 0.821101 0.900781 0.816514 0.900781 0.811927 0.900781 0.807339 0.900781 0.802752 0.900781 0.798165 0.900000 0.795872 0.899219 0.793578 0.899219 0.788991 0.899219 0.784404 0.899219 0.779817 0.899219 0.775229 0.899219 0.770642 0.899219 0.766055 0.899219 0.761468 0.899219 0.756881 0.899219 0.752294 0.899219 0.747706 0.899219 0.743119 0.900000 0.740826 0.901563 0.740826 0.903125 0.740826 0.904687 0.740826 0.906250 0.740826 0.907813 0.740826 0.909375 0.740826 0.910937 0.740826 0.912500 0.740826 0.914062 0.740826 0.915625 0.740826 0.916406 0.743119 0.916406 0.747706 0.916406 0.752294 0.916406 0.756881 0.916406 0.761468 0.917188 0.763761 0.917969 0.766055 0.917969 0.770642 0.918750 0.772936 0.919531 0.775229 0.919531 0.779817 0.920312 0.782110 0.921094 0.784404 0.921094 0.788991 0.921875 0.791284 0.922656 0.793578 0.922656 0.798165 0.923438 0.800459 0.924219 0.802752 0.924219 0.807339 0.925000 0.809633 0.925781 0.811927 0.925781 0.816514 0.926562 0.818807 0.927344 0.821101 0.928125 0.823394 0.929688 0.823394 0.931250 0.823394 0.932813 0.823394 0.933594 0.825688 0.933594 0.830275 0.933594 0.834862 0.933594 0.839450 0.933594 0.844037 0.933594 0.848624 0.933594 0.853211 0.933594 0.857798 0.933594 0.862385 0.933594 0.866972 0.933594 0.871560 0.933594 0.876147 0.932813 0.878440 0.931250 0.878440 0.929688 0.878440 0.928125 0.878440 0.926562 0.878440 0.925781 0.880734 0.925781 0.885321 0.925000 0.887615 0.924219 0.889908 0.924219 0.894495 0.923438 0.896789 0.922656 0.899083 0.921875 0.901376 0.921094 0.903670 0.921094 0.908257 0.921094 0.912844 0.921094 0.917431 0.921094 0.922018 0.920312 0.924312
0 0.151562 0.612385 0.150000 0.612385 0.148438 0.612385 0.146875 0.612385 0.145313 0.612385 0.143750 0.612385 0.142187 0.612385 0.140625 0.612385 0.139063 0.612385 0.138281 0.610092 0.138281 0.605505 0.138281 0.600917 0.138281 0.596330 0.138281 0.591743 0.137500 0.589450 0.136719 0.587156 0.136719 0.582569 0.136719 0.577982 0.136719 0.573394 0.135937 0.571101 0.135156 0.568807 0.135156 0.564220 0.135156 0.559633 0.135156 0.555046 0.135156 0.550459 0.135156 0.545872 0.135156 0.541284 0.135156 0.536697 0.134375 0.534404 0.133594 0.532110 0.132812 0.529817 0.132031 0.532110 0.132031 0.536697 0.132031 0.541284 0.131250 0.543578 0.130469 0.545872 0.130469 0.550459 0.130469 0.555046 0.130469 0.559633 0.130469 0.564220 0.130469 0.568807 0.129688 0.571101 0.128906 0.573394 0.128906 0.577982 0.128125 0.580275 0.127344 0.582569 0.126562 0.584862 0.125000 0.584862 0.123438 0.584862 0.121875 0.584862 0.120313 0.584862 0.118750 0.584862 0.117188 0.584862 0.115625 0.584862 0.114844 0.582569 0.114844 0.577982 0.114844 0.573394 0.114844 0.568807 0.114844 0.564220 0.114844 0.559633 0.114844 0.555046 0.114844 0.550459 0.114844 0.545872 0.114844 0.541284 0.114844 0.536697 0.114844 0.532110 0.114844 0.527523 0.114844 0.522936 0.114844 0.518349 0.114844 0.513761 0.114844 0.509174 0.114844 0.504587 0.114844 0.500000 0.114844 0.495413 0.114844 0.490826 0.114844 0.486239 0.114844 0.481651 0.114844 0.477064 0.114844 0.472477 0.114844 0.467890 0.114844 0.463303 0.114844 0.458716 0.114844 0.454128 0.114844 0.449541 0.114844 0.444954 0.114844 0.440367 0.114844 0.435780 0.114844 0.431193 0.114844 0.426606 0.114844 0.422018 0.114844 0.417431 0.114844 0.412844 0.114844 0.408257 0.114844 0.403670 0.114844 0.399083 0.114844 0.394495 0.114844 0.389908 0.114844 0.385321 0.115625 0.383028 0.117188 0.383028 0.118750 0.383028 0.120313 0.383028 0.121094 0.380734 0.121094 0.376147 0.121094 0.371560 0.121094 0.366972 0.121094 0.362385 0.121094 0.357798 0.121875 0.355505 0.123438 0.355505 0.125000 0.355505 0.126562 0.355505 0.128125 0.355505 0.129688 0.355505 0.131250 0.355505 0.132812 0.355505 0.133594 0.357798 0.133594 0.362385 0.133594 0.366972 0.133594 0.371560 0.134375 0.373853 0.135156 0.376147 0.135156 0.380734 0.135937 0.383028 0.136719 0.385321 0.136719 0.389908 0.137500 0.392202 0.138281 0.394495 0.138281 0.399083 0.139063 0.401376 0.139844 0.403670 0.140625 0.405963 0.141406 0.408257 0.141406 0.412844 0.142187 0.415138 0.142969 0.417431 0.142969 0.422018 0.142969 0.426606 0.142969 0.431193 0.142969 0.435780 0.142969 0.440367 0.143750 0.442661 0.144531 0.444954 0.144531 0.449541 0.143750 0.451835 0.142969 0.454128 0.142969 0.458716 0.142969 0.463303 0.142969 0.467890 0.142969 0.472477 0.142969 0.477064 0.142969 0.481651 0.142969 0.486239 0.142969 0.490826 0.142969 0.495413 0.142969 0.500000 0.142969 0.504587 0.143750 0.506881 0.144531 0.509174 0.144531 0.513761 0.144531 0.518349 0.144531 0.522936 0.145313 0.525229 0.146094 0.527523 0.146875 0.529817 0.148438 0.529817 0.150000 0.529817 0.151562 0.529817 0.152344 0.532110 0.152344 0.536697 0.152344 0.541284 0.152344 0.545872 0.152344 0.550459 0.152344 0.555046 0.152344 0.559633 0.152344 0.564220 0.152344 0.568807 0.152344 0.573394 0.152344 0.577982 0.152344 0.582569 0.152344 0.587156 0.152344 0.591743 0.152344 0.596330 0.152344 0.600917 0.152344 0.605505 0.152344 0.610092 0.151562 0.612385
0 0.470313 0.282110 0.468750 0.282110 0.467187 0.282110 0.465625 0.282110 0.464062 0.282110 0.462500 0.282110 0.460938 0.282110 0.459375 0.282110 0.457813 0.282110 0.457031 0.279817 0.457031 0.275229 0.457031 0.270642 0.457031 0.266055 0.457031 0.261468 0.456250 0.259174 0.455469 0.256881 0.454688 0.254587 0.453906 0.252294 0.453125 0.250000 0.452344 0.247706 0.451562 0.245413 0.450781 0.243119 0.450000 0.240826 0.449219 0.238532 0.448437 0.236239 0.447656 0.233945 0.446875 0.231651 0.446094 0.229358 0.445312 0.227064 0.444531 0.229358 0.443750 0.231651 0.442188 0.231651 0.440625 0.231651 0.439063 0.231651 0.438281 0.233945 0.438281 0.238532 0.437500 0.240826 0.436719 0.243119 0.435937 0.245413 0.435156 0.247706 0.434375 0.250000 0.432812 0.250000 0.432031 0.252294 0.431250 0.254587 0.430469 0.256881 0.429688 0.259174 0.428125 0.259174 0.426563 0.259174 0.425781 0.256881 0.425000 0.254587 0.424219 0.252294 0.424219 0.247706 0.424219 0.243119 0.424219 0.238532 0.424219 0.233945 0.425000 0.231651 0.425781 0.229358 0.425781 0.224771 0.426563 0.222477 0.427344 0.220183 0.427344 0.215596 0.428125 0.213303 0.428906 0.211009 0.428906 0.206422 0.429688 0.204128 0.430469 0.201835 0.431250 0.199541 0.432031 0.197248 0.432031 0.192661 0.432812 0.190367 0.433594 0.188073 0.434375 0.185780 0.435156 0.183486 0.435156 0.178899 0.435937 0.176606 0.436719 0.174312 0.436719 0.169725 0.436719 0.165138 0.436719 0.160550 0.436719 0.155963 0.436719 0.151376 0.435937 0.149083 0.435156 0.146789 0.435156 0.142202 0.434375 0.139908 0.432812 0.139908 0.431250 0.139908 0.429688 0.139908 0.428125 0.139908 0.427344 0.142202 0.426563 0.144495 0.425781 0.146789 0.425000 0.149083 0.424219 0.151376 0.424219 0.155963 0.423438 0.158257 0.421875 0.158257 0.421094 0.160550 0.420312 0.162844 0.418750 0.162844 0.417187 0.162844 0.415625 0.162844 0.414844 0.160550 0.414844 0.155963 0.414844 0.151376 0.414844 0.146789 0.414844 0.142202 0.414844 0.137615 0.414844 0.133028 0.414844 0.128440 0.414844 0.123853 0.415625 0.121560 0.417187 0.121560 0.418750 0.121560 0.420312 0.121560 0.421094 0.119266 0.421875 0.116972 0.422656 0.114679 0.422656 0.110092 0.423438 0.107798 0.424219 0.105505 0.424219 0.100917 0.424219 0.096330 0.424219 0.091743 0.424219 0.087156 0.424219 0.082569 0.424219 0.077982 0.424219 0.073394 0.424219 0.068807 0.424219 0.064220 0.425000 0.061927 0.426563 0.061927 0.428125 0.061927 0.429688 0.061927 0.431250 0.061927 0.432812 0.061927 0.434375 0.061927 0.435937 0.061927 0.437500 0.061927 0.439063 0.061927 0.440625 0.061927 0.442188 0.061927 0.443750 0.061927 0.444531 0.064220 0.444531 0.068807 0.444531 0.073394 0.444531 0.077982 0.444531 0.082569 0.444531 0.087156 0.445312 0.089450 0.446094 0.091743 0.446875 0.094037 0.447656 0.096330 0.447656 0.100917 0.447656 0.105505 0.448437 0.107798 0.449219 0.110092 0.450000 0.112385 0.450781 0.114679 0.451562 0.116972 0.452344 0.119266 0.452344 0.123853 0.453125 0.126147 0.453906 0.128440 0.453906 0.133028 0.454688 0.135321 0.455469 0.137615 0.455469 0.142202 0.455469 0.146789 0.454688 0.149083 0.453906 0.151376 0.453906 0.155963 0.453906 0.160550 0.453906 0.165138 0.453906 0.169725 0.453906 0.174312 0.453906 0.178899 0.453906 0.183486 0.453906 0.188073 0.453906 0.192661 0.454688 0.194954 0.455469 0.197248 0.455469 0.201835 0.456250 0.204128 0.457031 0.206422 0.457813 0.208716 0.458594 0.211009 0.458594 0.215596 0.459375 0.217890 0.460156 0.220183 0.460156 0.224771 0.460938 0.227064 0.461719 0.229358 0.461719 0.233945 0.461719 0.238532 0.462500 0.240826 0.463281 0.243119 0.464062 0.245413 0.464844 0.247706 0.465625 0.250000 0.467187 0.250000 0.468750 0.250000 0.470313 0.250000 0.471094 0.252294 0.471094 0.256881 0.471094 0.261468 0.471094 0.266055 0.471094 0.270642 0.471094 0.275229 0.471094 0.279817 0.470313 0.282110
0 0.607812 0.263761 0.606250 0.263761 0.604688 0.263761 0.603125 0.263761 0.601562 0.263761 0.600000 0.263761 0.598437 0.263761 0.596875 0.263761 0.595313 0.263761 0.593750 0.263761 0.592969 0.261468 0.592969 0.256881 0.592969 0.252294 0.592969 0.247706 0.592187 0.245413 0.591406 0.243119 0.590625 0.240826 0.589844 0.238532 0.589063 0.236239 0.588281 0.233945 0.588281 0.229358 0.588281 0.224771 0.588281 0.220183 0.588281 0.215596 0.588281 0.211009 0.588281 0.206422 0.588281 0.201835 0.588281 0.197248 0.588281 0.192661 0.588281 0.188073 0.588281 0.183486 0.588281 0.178899 0.587500 0.176606 0.586719 0.174312 0.586719 0.169725 0.585938 0.167431 0.584375 0.167431 0.582812 0.167431 0.581250 0.167431 0.579688 0.167431 0.578125 0.167431 0.577344 0.165138 0.577344 0.160550 0.577344 0.155963 0.577344 0.151376 0.577344 0.146789 0.577344 0.142202 0.577344 0.137615 0.577344 0.133028 0.577344 0.128440 0.577344 0.123853 0.577344 0.119266 0.578125 0.116972 0.579688 0.116972 0.581250 0.116972 0.582812 0.116972 0.584375 0.116972 0.585938 0.116972 0.587500 0.116972 0.589063 0.116972 0.590625 0.116972 0.592187 0.116972 0.592969 0.119266 0.592969 0.123853 0.592969 0.128440 0.592969 0.133028 0.592969 0.137615 0.593750 0.139908 0.595313 0.139908 0.596094 0.142202 0.596875 0.144495 0.597656 0.146789 0.598437 0.149083 0.599219 0.151376 0.600000 0.153670 0.600781 0.155963 0.601562 0.158257 0.603125 0.158257 0.604688 0.158257 0.606250 0.158257 0.607812 0.158257 0.608594 0.160550 0.608594 0.165138 0.608594 0.169725 0.608594 0.174312 0.608594 0.178899 0.608594 0.183486 0.608594 0.188073 0.608594 0.192661 0.608594 0.197248 0.608594 0.201835 0.608594 0.206422 0.608594 0.211009 0.608594 0.215596 0.608594 0.220183 0.608594 0.224771 0.608594 0.229358 0.608594 0.233945 0.608594 0.238532 0.608594 0.243119 0.608594 0.247706 0.608594 0.252294 0.608594 0.256881 0.608594 0.261468 0.607812 0.263761
0 0.470313 0.282110 0.468750 0.282110 0.467187 0.282110 0.465625 0.282110 0.464062 0.282110 0.462500 0.282110 0.460938 0.282110 0.459375 0.282110 0.457813 0.282110 0.457031 0.279817 0.457031 0.275229 0.457031 0.270642 0.457031 0.266055 0.457031 0.261468 0.456250 0.259174 0.455469 0.256881 0.454688 0.254587 0.453906 0.252294 0.453125 0.250000 0.451562 0.250000 0.450781 0.247706 0.450000 0.245413 0.449219 0.243119 0.448437 0.240826 0.447656 0.238532 0.446875 0.236239 0.446094 0.233945 0.445312 0.231651 0.443750 0.231651 0.442188 0.231651 0.440625 0.231651 0.439844 0.233945 0.439063 0.236239 0.438281 0.238532 0.437500 0.240826 0.436719 0.243119 0.435937 0.245413 0.435156 0.247706 0.434375 0.250000 0.433594 0.252294 0.432812 0.254587 0.431250 0.254587 0.430469 0.256881 0.429688 0.259174 0.428125 0.259174 0.426563 0.259174 0.425000 0.259174 0.423438 0.259174 0.421875 0.259174 0.421094 0.256881 0.421094 0.252294 0.421094 0.247706 0.421094 0.243119 0.421094 0.238532 0.421094 0.233945 0.421094 0.229358 0.421094 0.224771 0.421094 0.220183 0.421875 0.217890 0.423438 0.217890 0.425000 0.217890 0.426563 0.217890 0.427344 0.215596 0.428125 0.213303 0.428906 0.211009 0.429688 0.208716 0.430469 0.206422 0.430469 0.201835 0.431250 0.199541 0.432031 0.197248 0.432812 0.194954 0.433594 0.192661 0.433594 0.188073 0.434375 0.185780 0.435156 0.183486 0.435937 0.181193 0.436719 0.178899 0.436719 0.174312 0.436719 0.169725 0.436719 0.165138 0.436719 0.160550 0.436719 0.155963 0.436719 0.151376 0.436719 0.146789 0.435937 0.144495 0.435156 0.142202 0.435156 0.137615 0.435156 0.133028 0.434375 0.130734 0.433594 0.128440 0.432812 0.126147 0.431250 0.126147 0.429688 0.126147 0.428125 0.126147 0.427344 0.123853 0.426563 0.121560 0.425000 0.121560 0.423438 0.121560 0.421875 0.121560 0.421094 0.119266 0.421094 0.114679 0.421094 0.110092 0.421094 0.105505 0.421094 0.100917 0.421875 0.098624 0.423438 0.098624 0.425000 0.098624 0.426563 0.098624 0.428125 0.098624 0.429688 0.098624 0.431250 0.098624 0.432812 0.098624 0.434375 0.098624 0.435937 0.098624 0.437500 0.098624 0.439063 0.098624 0.440625 0.098624 0.442188 0.098624 0.443750 0.098624 0.445312 0.098624 0.446875 0.098624 0.448437 0.098624 0.449219 0.100917 0.449219 0.105505 0.449219 0.110092 0.449219 0.114679 0.449219 0.119266 0.450000 0.121560 0.450781 0.123853 0.451562 0.126147 0.452344 0.128440 0.453125 0.130734 0.453906 0.133028 0.453906 0.137615 0.453906 0.142202 0.453906 0.146789 0.453906 0.151376 0.453906 0.155963 0.453906 0.160550 0.453125 0.162844 0.452344 0.165138 0.452344 0.169725 0.452344 0.174312 0.452344 0.178899 0.452344 0.183486 0.453125 0.185780 0.453906 0.188073 0.453906 0.192661 0.453906 0.197248 0.453906 0.201835 0.454688 0.204128 0.455469 0.206422 0.456250 0.208716 0.457031 0.211009 0.457813 0.213303 0.458594 0.215596 0.459375 0.217890 0.460156 0.220183 0.460156 0.224771 0.460156 0.229358 0.460938 0.231651 0.461719 0.233945 0.461719 0.238532 0.462500 0.240826 0.463281 0.243119 0.463281 0.247706 0.464062 0.250000 0.465625 0.250000 0.467187 0.250000 0.468750 0.250000 0.470313 0.250000 0.471094 0.252294 0.471094 0.256881 0.471094 0.261468 0.471094 0.266055 0.471094 0.270642 0.471094 0.275229 0.471094 0.279817 0.470313 0.282110
0 0.425000 0.172018 0.423438 0.172018 0.421875 0.172018 0.420312 0.172018 0.418750 0.172018 0.417187 0.172018 0.415625 0.172018 0.414062 0.172018 0.412500 0.172018 0.410938 0.172018 0.409375 0.172018 0.408594 0.169725 0.408594 0.165138 0.408594 0.160550 0.408594 0.155963 0.408594 0.151376 0.408594 0.146789 0.408594 0.142202 0.408594 0.137615 0.409375 0.135321 0.410938 0.135321 0.412500 0.135321 0.414062 0.135321 0.415625 0.135321 0.416406 0.133028 0.416406 0.128440 0.417187 0.126147 0.417969 0.123853 0.418750 0.121560 0.419531 0.119266 0.420312 0.116972 0.421094 0.114679 0.421875 0.112385 0.422656 0.110092 0.422656 0.105505 0.422656 0.100917 0.422656 0.096330 0.423438 0.094037 0.424219 0.091743 0.424219 0.087156 0.424219 0.082569 0.424219 0.077982 0.424219 0.073394 0.424219 0.068807 0.425000 0.066514 0.425781 0.064220 0.425781 0.059633 0.425781 0.055046 0.425781 0.050459 0.425781 0.045872 0.426563 0.043578 0.428125 0.043578 0.429688 0.043578 0.431250 0.043578 0.432812 0.043578 0.434375 0.043578 0.435937 0.043578 0.437500 0.043578 0.439063 0.043578 0.440625 0.043578 0.441406 0.045872 0.441406 0.050459 0.441406 0.055046 0.441406 0.059633 0.441406 0.064220 0.442188 0.066514 0.442969 0.068807 0.442969 0.073394 0.442969 0.077982 0.443750 0.080275 0.444531 0.082569 0.444531 0.087156 0.445312 0.089450 0.446094 0.091743 0.446094 0.096330 0.446094 0.100917 0.446094 0.105505 0.446094 0.110092 0.446094 0.114679 0.445312 0.116972 0.444531 0.119266 0.443750 0.121560 0.442188 0.121560 0.440625 0.121560 0.439844 0.123853 0.439063 0.126147 0.438281 0.128440 0.437500 0.130734 0.436719 0.133028 0.435937 0.135321 0.435156 0.137615 0.434375 0.139908 0.433594 0.142202 0.432812 0.144495 0.431250 0.144495 0.429688 0.144495 0.428906 0.146789 0.428125 0.149083 0.426563 0.149083 0.425781 0.151376 0.425781 0.155963 0.425781 0.160550 0.425781 0.165138 0.425781 0.169725 0.425000 0.172018
34 0.843750 0.685780 0.842187 0.685780 0.840625 0.685780 0.839063 0.685780 0.837500 0.685780 0.835938 0.685780 0.834375 0.685780 0.833594 0.683486 0.833594 0.678899 0.833594 0.674312 0.833594 0.669725 0.833594 0.665138 0.833594 0.660550 0.833594 0.655963 0.833594 0.651376 0.833594 0.646789 0.833594 0.642202 0.833594 0.637615 0.833594 0.633028 0.833594 0.628440 0.833594 0.623853 0.833594 0.619266 0.833594 0.614679 0.833594 0.610092 0.833594 0.605505 0.833594 0.600917 0.833594 0.596330 0.833594 0.591743 0.833594 0.587156 0.833594 0.582569 0.833594 0.577982 0.833594 0.573394 0.833594 0.568807 0.833594 0.564220 0.833594 0.559633 0.834375 0.557339 0.835938 0.557339 0.837500 0.557339 0.839063 0.557339 0.840625 0.557339 0.842187 0.557339 0.843750 0.557339 0.845313 0.557339 0.846875 0.557339 0.848437 0.557339 0.850000 0.557339 0.851562 0.557339 0.852344 0.559633 0.852344 0.564220 0.852344 0.568807 0.852344 0.573394 0.852344 0.577982 0.852344 0.582569 0.852344 0.587156 0.852344 0.591743 0.852344 0.596330 0.852344 0.600917 0.852344 0.605505 0.852344 0.610092 0.852344 0.614679 0.852344 0.619266 0.852344 0.623853 0.852344 0.628440 0.852344 0.633028 0.852344 0.637615 0.852344 0.642202 0.852344 0.646789 0.852344 0.651376 0.851562 0.653670 0.850000 0.653670 0.848437 0.653670 0.846875 0.653670 0.846094 0.655963 0.845313 0.658257 0.844531 0.660550 0.844531 0.665138 0.844531 0.669725 0.844531 0.674312 0.844531 0.678899 0.844531 0.683486 0.843750 0.685780
